22;1
22;2
22;3
22;4
22;5
22;6
22;7
22;8
22;9
22;10
22;11
22;38
22;37
22;36
22;39
22;40
22;21
22;20
36;1
36;2
36;3
36;4
36;5
36;6
36;7
36;8
36;9
36;10
36;11
36;39
36;40
36;21
36;41
36;27
42;1
42;2
42;3
42;4
42;5
42;6
42;7
42;8
42;27
42;26
42;28
42;29
42;21
42;20
50;1
50;2
50;3
50;4
50;5
50;6
50;7
50;8
50;28
50;29
50;21
50;22
50;23
50;30
50;31
50;32
50;33
85;1
85;2
85;3
85;4
85;19
85;20
85;21
85;29
85;28
85;8
85;7
85;6
85;9
85;10
85;11
85;12
91;1
91;2
91;3
91;4
91;19
91;20
91;21
91;29
91;28
91;8
91;9
91;10
91;11
91;12
91;13
91;14
91;38
91;37
91;36
92;1
92;2
92;3
92;4
92;19
92;20
92;21
92;29
92;28
92;8
92;9
92;10
92;11
92;12
92;13
92;14
92;38
92;37
92;36
92;35
105;1
105;2
105;3
105;4
105;19
105;20
105;21
105;30
105;31
105;32
105;33
105;40
105;39
105;11
114;1
114;2
114;3
114;4
114;19
114;20
114;21
114;40
114;39
114;11
114;10
114;9
114;8
114;7
114;6
114;27
114;26
114;25
124;1
124;2
124;3
124;4
124;19
124;20
124;21
124;40
124;39
124;11
124;12
124;13
124;14
124;38
124;37
124;36
124;35
132;2
132;3
132;4
132;5
132;6
132;7
134;2
134;3
134;4
134;5
134;6
134;7
134;8
134;9
135;2
135;3
135;4
135;5
135;6
135;7
135;8
135;9
135;10
139;2
139;3
139;4
139;5
139;6
139;7
139;8
139;9
139;10
139;11
139;12
139;13
139;14
155;2
155;3
155;4
155;5
155;6
155;7
155;8
155;9
155;10
155;11
155;39
155;40
155;21
155;29
155;30
157;2
157;3
157;4
157;5
157;6
157;7
157;8
157;9
157;10
157;11
157;39
157;40
157;21
157;29
157;30
157;31
157;32
158;2
158;3
158;4
158;5
158;6
158;7
158;8
158;9
158;10
158;11
158;39
158;40
158;21
158;29
158;30
158;31
158;32
158;33
167;2
167;3
167;4
167;5
167;6
167;7
167;8
167;27
167;26
167;28
167;29
167;21
171;2
171;3
171;4
171;5
171;6
171;7
171;8
171;28
171;29
171;21
171;20
171;22
171;23
178;2
178;3
178;4
178;5
178;6
178;7
178;8
178;28
178;29
178;21
178;30
178;31
178;32
178;33
178;40
206;2
206;3
206;4
206;19
206;20
206;21
206;22
206;23
206;29
206;28
206;8
206;7
206;6
208;2
208;3
208;4
208;19
208;20
208;21
208;29
208;28
208;8
208;7
208;6
208;9
239;2
239;3
239;4
239;19
239;20
239;21
239;40
239;39
239;11
239;10
239;9
239;8
239;7
239;6
239;27
239;26
262;3
262;2
262;4
262;5
262;6
262;7
262;8
262;9
262;10
262;11
276;3
276;4
276;5
276;6
276;7
276;8
276;9
276;10
276;11
276;39
276;40
276;21
276;20
276;22
301;3
301;4
301;5
301;6
301;7
301;8
301;28
301;29
301;21
301;22
301;23
301;30
301;31
301;32
313;3
313;4
313;5
313;6
313;7
313;8
313;28
313;29
313;21
313;40
313;39
313;11
313;12
313;13
313;14
313;38
315;3
315;4
315;5
315;6
315;7
315;8
315;28
315;29
315;21
315;40
315;39
315;11
315;12
315;13
315;14
315;38
315;37
315;36
339;3
339;4
339;19
339;20
339;21
339;29
339;28
339;8
339;7
339;6
339;9
339;10
339;11
339;12
339;13
339;14
369;3
369;4
369;19
369;20
369;21
369;40
369;39
369;11
369;10
369;9
369;8
369;28
369;12
376;3
376;4
376;19
376;20
376;21
376;40
376;39
376;11
376;12
376;13
376;14
376;38
376;37
376;36
376;35
380;4
380;3
380;2
384;4
384;3
384;2
384;5
384;6
384;7
387;4
387;3
387;2
387;5
387;6
387;7
387;8
387;9
387;10
397;4
397;5
397;6
397;7
397;8
397;9
397;10
397;11
397;38
397;37
397;36
397;39
410;4
410;5
410;6
410;7
410;8
410;9
410;10
410;11
410;39
410;40
410;21
410;29
410;30
410;31
410;32
410;33
422;4
422;5
422;6
422;7
422;8
422;28
422;29
422;21
422;20
422;22
424;4
424;5
424;6
424;7
424;8
424;28
424;29
424;21
424;20
424;22
424;23
424;24
427;4
427;5
427;6
427;7
427;8
427;28
427;29
427;21
427;22
427;23
427;30
427;31
427;32
431;4
431;5
431;6
431;7
431;8
431;28
431;29
431;21
431;30
431;31
431;32
431;33
431;40
431;39
455;4
455;19
455;20
455;21
455;22
455;23
455;29
455;28
467;4
467;19
467;20
467;21
467;29
467;28
467;8
467;9
467;10
467;11
467;12
467;13
467;14
467;38
468;4
468;19
468;20
468;21
468;29
468;28
468;8
468;9
468;10
468;11
468;12
468;13
468;14
468;38
468;37
477;4
477;19
477;20
477;21
477;29
477;28
477;8
477;27
477;26
477;30
477;31
483;4
483;19
483;20
483;21
483;30
483;31
483;32
483;33
483;40
483;39
483;11
487;4
487;19
487;20
487;21
487;30
487;31
487;32
487;33
487;40
487;39
487;11
487;10
487;9
487;8
487;7
488;4
488;19
488;20
488;21
488;30
488;31
488;32
488;33
488;40
488;39
488;11
488;10
488;9
488;8
488;7
488;6
495;4
495;19
495;20
495;21
495;40
495;39
495;11
495;10
495;9
495;8
495;28
495;12
497;4
497;19
497;20
497;21
497;40
497;39
497;11
497;10
497;9
497;8
497;28
497;12
497;13
497;14
516;5
516;4
516;18
516;17
516;19
516;20
516;21
516;22
516;23
519;5
519;4
519;19
519;20
519;21
519;22
519;23
519;29
519;28
536;5
536;4
536;19
536;20
536;21
536;29
536;28
536;8
536;9
536;10
536;11
536;39
536;27
542;5
542;4
542;19
542;20
542;21
542;29
542;28
542;8
542;27
542;26
542;30
542;31
542;32
542;33
554;5
554;4
554;19
554;20
554;21
554;40
554;39
554;11
554;10
554;9
554;8
554;7
554;27
554;26
554;25
580;5
580;6
580;7
580;8
580;9
580;10
580;11
580;12
580;13
580;14
580;38
580;37
580;36
580;35
590;5
590;6
590;7
590;8
590;9
590;10
590;11
590;39
590;40
590;21
590;20
590;19
590;4
590;3
590;2
590;18
634;5
634;6
634;7
634;8
634;28
634;29
634;21
634;40
634;39
634;11
634;10
634;12
634;13
635;5
635;6
635;7
635;8
635;28
635;29
635;21
635;40
635;39
635;11
635;10
635;12
635;13
635;14
637;5
637;6
637;7
637;8
637;28
637;29
637;21
637;40
637;39
637;11
637;12
637;13
637;14
637;38
649;6
649;5
649;4
649;3
649;2
649;18
649;17
655;6
655;5
655;4
655;18
655;17
655;19
655;20
655;21
655;22
655;23
683;6
683;5
683;4
683;19
683;20
683;21
683;30
683;31
683;32
683;33
683;40
683;39
684;6
684;5
684;4
684;19
684;20
684;21
684;30
684;31
684;32
684;33
684;40
684;39
684;11
685;6
685;5
685;4
685;19
685;20
685;21
685;30
685;31
685;32
685;33
685;40
685;39
685;11
685;10
689;6
689;5
689;4
689;19
689;20
689;21
689;40
689;39
689;11
689;10
689;9
689;8
689;27
690;6
690;5
690;4
690;19
690;20
690;21
690;40
690;39
690;11
690;10
690;9
690;8
690;27
690;26
695;6
695;5
695;4
695;19
695;20
695;21
695;40
695;39
695;11
695;10
695;9
695;8
695;28
695;12
695;13
696;6
696;5
696;4
696;19
696;20
696;21
696;40
696;39
696;11
696;10
696;9
696;8
696;28
696;12
696;13
696;14
714;6
714;7
714;8
714;9
714;10
714;11
714;12
714;13
714;14
714;38
714;37
728;6
728;7
728;8
728;9
728;10
728;11
728;39
728;40
728;21
728;20
728;19
728;4
728;18
728;17
732;6
732;7
732;8
732;9
732;10
732;11
732;39
732;40
732;21
732;20
732;19
732;4
732;18
732;17
732;22
732;23
732;24
734;6
734;7
734;8
734;9
734;10
734;11
734;39
734;40
734;21
734;22
734;23
734;29
734;28
741;6
741;7
741;8
741;9
741;10
741;11
741;39
741;40
741;21
741;30
741;31
741;32
741;33
741;41
741;42
745;6
745;7
745;8
745;27
745;26
745;28
746;6
746;7
746;8
746;27
746;26
746;28
746;29
747;6
747;7
747;8
747;27
747;26
747;28
747;29
747;21
753;6
753;7
753;8
753;27
753;26
753;28
753;29
753;21
753;20
753;19
753;4
753;3
753;2
753;1
761;6
761;7
761;8
761;28
761;29
761;21
761;22
761;23
761;30
768;6
768;7
768;8
768;28
768;29
768;21
768;30
768;31
768;32
768;33
768;40
768;39
768;11
771;6
771;7
771;8
771;28
771;29
771;21
771;40
771;39
771;11
771;10
771;12
795;7
795;6
795;5
795;4
795;18
795;17
795;19
795;20
795;21
795;22
795;23
795;24
823;7
823;6
823;5
823;4
823;19
823;20
823;21
823;30
823;31
823;32
823;33
823;40
823;39
823;11
823;10
824;7
824;6
824;5
824;4
824;19
824;20
824;21
824;30
824;31
824;32
824;33
824;40
824;39
824;11
824;10
824;9
835;7
835;6
835;5
835;4
835;19
835;20
835;21
835;40
835;39
835;11
835;12
835;13
835;14
835;38
842;7
842;6
842;5
842;4
842;19
842;20
842;21
842;41
842;8
842;9
866;7
866;8
866;9
866;10
866;11
866;39
866;40
866;21
866;20
866;19
866;4
866;5
866;18
866;17
866;16
869;7
869;8
869;9
869;10
869;11
869;39
869;40
869;21
869;20
869;19
869;4
869;18
869;17
869;22
869;23
869;24
872;7
872;8
872;9
872;10
872;11
872;39
872;40
872;21
872;29
872;30
906;7
906;8
906;28
906;29
906;21
906;30
906;31
906;32
906;33
906;40
906;39
906;11
916;7
916;8
916;28
916;29
916;21
916;40
916;39
916;11
916;12
916;13
916;14
916;38
916;37
916;36
916;35
923;8
923;7
923;6
923;5
923;4
923;3
964;8
964;9
964;10
964;11
964;12
964;13
964;14
964;38
981;8
981;9
981;10
981;11
981;39
981;40
981;21
981;20
981;19
981;4
981;5
981;6
981;18
981;17
983;8
983;9
983;10
983;11
983;39
983;40
983;21
983;20
983;19
983;4
983;18
983;17
983;22
989;8
989;9
989;10
989;11
989;39
989;40
989;21
989;29
989;30
989;31
992;8
992;9
992;10
992;11
992;39
992;40
992;21
992;29
992;30
992;31
992;32
992;33
992;34
998;8
998;27
998;26
998;28
1002;8
1002;27
1002;26
1002;28
1002;29
1002;21
1002;20
1002;19
1008;8
1008;28
1008;29
1008;21
1008;20
1008;19
1008;4
1008;3
1008;2
1008;5
1008;6
1013;8
1013;28
1013;29
1013;21
1013;20
1013;19
1013;4
1013;18
1013;17
1013;22
1022;8
1022;28
1022;29
1022;21
1022;30
1022;31
1022;32
1022;33
1022;40
1022;39
1029;8
1029;28
1029;29
1029;21
1029;40
1029;39
1029;11
1029;10
1029;12
1029;13
1029;14
1029;15
1033;8
1033;28
1033;29
1033;21
1033;40
1033;39
1033;11
1033;12
1033;13
1033;14
1033;38
1033;37
1033;36
1033;35
1035;8
1035;28
1035;29
1035;21
1035;40
1035;39
1035;11
1035;38
1035;37
1035;36
1035;41
1035;42
1041;9
1041;8
1041;7
1041;6
1041;5
1041;4
1041;3
1044;9
1044;8
1044;7
1044;6
1044;5
1044;4
1044;3
1044;2
1044;18
1049;9
1049;8
1049;7
1049;6
1049;5
1049;4
1049;18
1049;17
1049;19
1049;20
1049;21
1070;9
1070;8
1070;7
1070;6
1070;5
1070;4
1070;19
1070;20
1070;21
1070;40
1070;39
1070;11
1070;12
1070;13
1070;14
1070;38
1070;37
1070;36
1081;9
1081;8
1081;27
1081;26
1081;28
1081;29
1081;21
1081;20
1081;19
1088;9
1088;8
1088;28
1088;29
1088;21
1088;20
1088;19
1088;4
1088;3
1088;2
1088;5
1088;6
1088;7
1091;9
1091;8
1091;28
1091;29
1091;21
1091;20
1091;19
1091;4
1091;5
1091;6
1091;18
1091;17
1091;16
1095;9
1095;8
1095;28
1095;29
1095;21
1095;22
1095;23
1095;30
1110;9
1110;8
1110;28
1110;29
1110;21
1110;40
1110;39
1110;11
1110;12
1110;13
1110;14
1110;38
1110;37
1110;36
1112;9
1112;8
1112;28
1112;29
1112;21
1112;40
1112;39
1112;11
1112;38
1112;37
1112;36
1112;41
1113;9
1113;8
1113;28
1113;29
1113;21
1113;40
1113;39
1113;11
1113;38
1113;37
1113;36
1113;41
1113;42
1125;9
1125;10
1125;11
1125;38
1125;37
1125;36
1125;39
1125;40
1126;9
1126;10
1126;11
1126;38
1126;37
1126;36
1126;39
1126;40
1126;21
1128;9
1128;10
1128;11
1128;38
1128;37
1128;36
1128;39
1128;40
1128;21
1128;20
1128;19
1158;9
1158;10
1158;11
1158;39
1158;40
1158;21
1158;29
1158;28
1158;8
1158;7
1158;6
1158;5
1158;4
1158;3
1158;2
1158;18
1184;10
1184;9
1184;8
1184;7
1184;6
1184;5
1184;4
1184;3
1184;2
1184;18
1184;17
1184;16
1191;10
1191;9
1191;8
1191;7
1191;6
1191;5
1191;4
1191;19
1191;20
1191;21
1191;22
1191;23
1191;29
1199;10
1199;9
1199;8
1199;7
1199;6
1199;5
1199;4
1199;19
1199;20
1199;21
1199;30
1199;31
1199;32
1199;33
1199;40
1199;39
1205;10
1205;9
1205;8
1205;7
1205;6
1205;5
1205;4
1205;19
1205;20
1205;21
1205;40
1205;39
1205;11
1205;12
1205;13
1205;14
1205;38
1207;10
1207;9
1207;8
1207;7
1207;6
1207;5
1207;4
1207;19
1207;20
1207;21
1207;40
1207;39
1207;11
1207;12
1207;13
1207;14
1207;38
1207;37
1207;36
1212;10
1212;9
1212;8
1212;7
1212;6
1212;5
1212;4
1212;19
1212;20
1212;21
1212;41
1212;27
1212;26
1213;10
1213;9
1213;8
1213;7
1213;6
1213;5
1213;4
1213;19
1213;20
1213;21
1213;41
1213;27
1213;26
1213;25
1220;10
1220;9
1220;8
1220;27
1220;26
1220;28
1220;29
1220;21
1220;20
1220;19
1220;4
1220;3
1241;10
1241;9
1241;8
1241;28
1241;29
1241;21
1241;30
1241;31
1241;32
1241;33
1241;40
1241;39
1241;11
1241;12
1241;13
1251;10
1251;9
1251;8
1251;28
1251;29
1251;21
1251;41
1251;11
1251;12
1266;10
1266;11
1266;38
1266;37
1266;36
1266;39
1266;40
1266;21
1266;20
1266;19
1266;4
1266;3
1266;2
1278;10
1278;11
1278;39
1278;40
1278;21
1278;20
1278;19
1278;4
1278;5
1278;6
1278;7
1278;8
1278;28
1278;18
1280;10
1280;11
1280;39
1280;40
1280;21
1280;20
1280;19
1280;4
1280;5
1280;6
1280;7
1280;8
1280;28
1280;18
1280;17
1280;16
1284;10
1284;11
1284;39
1284;40
1284;21
1284;22
1284;23
1284;29
1290;10
1290;11
1290;39
1290;40
1290;21
1290;22
1290;23
1290;29
1290;28
1290;8
1290;7
1290;6
1290;5
1290;4
1317;11
1317;10
1317;9
1317;8
1317;7
1317;6
1317;5
1317;4
1317;3
1364;11
1364;10
1364;9
1364;8
1364;28
1364;29
1364;21
1364;22
1364;23
1364;30
1364;31
1364;32
1364;33
1370;11
1370;10
1370;9
1370;8
1370;28
1370;29
1370;21
1370;41
1370;12
1380;11
1380;38
1380;37
1380;36
1380;39
1380;40
1380;21
1393;11
1393;39
1393;40
1393;21
1393;20
1393;19
1393;4
1393;5
1393;6
1393;7
1393;8
1393;9
1393;27
1402;11
1402;39
1402;40
1402;21
1402;20
1402;19
1402;4
1402;18
1402;17
1402;22
1402;23
1407;11
1407;39
1407;40
1407;21
1407;22
1407;23
1407;29
1407;28
1407;8
1407;7
1410;11
1410;39
1410;40
1410;21
1410;22
1410;23
1410;29
1410;28
1410;8
1410;7
1410;6
1410;5
1410;4
1412;11
1412;39
1412;40
1412;21
1412;22
1412;23
1412;29
1412;28
1412;8
1412;7
1412;6
1412;5
1412;4
1412;3
1412;2
1418;11
1418;39
1418;40
1418;21
1418;29
1418;28
1418;8
1418;7
1418;6
1418;5
1418;4
1418;18
1418;17
1418;19
1418;20
1432;12
1432;11
1432;10
1448;12
1448;11
1448;10
1448;9
1448;8
1448;7
1448;6
1448;5
1448;4
1448;18
1448;17
1448;19
1448;20
1448;21
1448;22
1451;12
1451;11
1451;10
1451;9
1451;8
1451;7
1451;6
1451;5
1451;4
1451;19
1451;20
1451;21
1451;22
1451;23
1451;29
1463;12
1463;11
1463;10
1463;9
1463;8
1463;7
1463;6
1463;5
1463;4
1463;19
1463;20
1463;21
1463;41
1463;27
1463;26
1464;12
1464;11
1464;10
1464;9
1464;8
1464;7
1464;6
1464;5
1464;4
1464;19
1464;20
1464;21
1464;41
1464;27
1464;26
1464;25
1487;12
1487;11
1487;10
1487;9
1487;8
1487;28
1487;29
1487;21
1487;22
1487;23
1487;30
1487;31
1487;32
1487;33
1487;34
1488;12
1488;11
1488;10
1488;9
1488;8
1488;28
1488;29
1488;21
1488;30
1488;31
1488;32
1488;33
1488;40
1494;12
1494;11
1494;10
1494;9
1494;8
1494;28
1494;29
1494;21
1494;41
1494;38
1494;37
1494;36
1506;12
1506;11
1506;39
1506;40
1506;21
1506;20
1506;19
1506;4
1506;3
1506;2
1506;5
1506;6
1508;12
1508;11
1508;39
1508;40
1508;21
1508;20
1508;19
1508;4
1508;3
1508;2
1508;5
1508;6
1508;7
1508;8
1515;12
1515;11
1515;39
1515;40
1515;21
1515;20
1515;19
1515;4
1515;5
1515;6
1515;7
1515;8
1515;27
1515;26
1515;28
1515;29
1522;12
1522;11
1522;39
1522;40
1522;21
1522;22
1522;23
1522;29
1535;12
1535;11
1535;39
1535;40
1535;21
1535;29
1535;28
1535;8
1535;7
1535;6
1535;5
1535;4
1535;18
1535;17
1535;19
1536;12
1536;11
1536;39
1536;40
1536;21
1536;29
1536;28
1536;8
1536;7
1536;6
1536;5
1536;4
1536;18
1536;17
1536;19
1536;20
1546;12
1546;11
1546;39
1546;40
1546;21
1546;29
1546;28
1546;8
1546;27
1546;26
1546;30
1546;31
1546;32
1546;33
1546;34
1547;12
1547;11
1547;39
1547;40
1547;21
1547;30
1547;31
1547;32
1547;33
1547;41
1552;13
1552;12
1556;13
1556;12
1556;11
1556;10
1556;9
1556;8
1562;13
1562;12
1562;11
1562;10
1562;9
1562;8
1562;7
1562;6
1562;5
1562;4
1562;3
1562;2
1569;13
1569;12
1569;11
1569;10
1569;9
1569;8
1569;7
1569;6
1569;5
1569;4
1569;18
1569;17
1569;19
1569;20
1569;21
1578;13
1578;12
1578;11
1578;10
1578;9
1578;8
1578;7
1578;6
1578;5
1578;4
1578;19
1578;20
1578;21
1578;29
1578;30
1578;31
1578;32
1578;33
1630;13
1630;12
1630;11
1630;39
1630;40
1630;21
1630;20
1630;19
1630;4
1630;3
1630;2
1630;5
1630;6
1630;7
1630;8
1646;13
1646;12
1646;11
1646;39
1646;40
1646;21
1646;22
1646;23
1646;29
1646;28
1646;8
1666;13
1666;12
1666;11
1666;39
1666;40
1666;21
1666;29
1666;28
1666;8
1666;27
1666;26
1666;30
1666;31
1666;32
1669;13
1669;12
1669;11
1669;39
1669;40
1669;21
1669;30
1669;31
1669;32
1669;33
1669;41
1670;13
1670;12
1670;11
1670;39
1670;40
1670;21
1670;30
1670;31
1670;32
1670;33
1670;41
1670;42
1676;14
1676;13
1676;12
1676;11
1676;10
1677;14
1677;13
1677;12
1677;11
1677;10
1677;9
1690;14
1690;13
1690;12
1690;11
1690;10
1690;9
1690;8
1690;7
1690;6
1690;5
1690;4
1690;18
1690;17
1690;19
1690;20
1697;14
1697;13
1697;12
1697;11
1697;10
1697;9
1697;8
1697;7
1697;6
1697;5
1697;4
1697;19
1697;20
1697;21
1697;29
1697;30
1704;14
1704;13
1704;12
1704;11
1704;10
1704;9
1704;8
1704;7
1704;6
1704;5
1704;4
1704;19
1704;20
1704;21
1704;40
1704;41
1707;14
1707;13
1707;12
1707;11
1707;10
1707;9
1707;8
1707;7
1707;6
1707;5
1707;4
1707;19
1707;20
1707;21
1707;41
1707;27
1707;26
1713;14
1713;13
1713;12
1713;11
1713;10
1713;9
1713;8
1713;27
1713;26
1713;28
1713;29
1713;21
1713;20
1713;19
1746;14
1746;13
1746;12
1746;11
1746;38
1746;37
1746;36
1746;39
1746;40
1746;21
1746;20
1746;19
1746;4
1746;3
1757;14
1757;13
1757;12
1757;11
1757;39
1757;40
1757;21
1757;20
1757;19
1757;4
1757;5
1757;6
1757;7
1757;8
1757;9
1757;27
1757;26
1757;25
1758;14
1758;13
1758;12
1758;11
1758;39
1758;40
1758;21
1758;20
1758;19
1758;4
1758;5
1758;6
1758;7
1758;8
1758;27
1758;26
1758;28
1765;14
1765;13
1765;12
1765;11
1765;39
1765;40
1765;21
1765;20
1765;19
1765;4
1765;18
1765;17
1765;22
1765;23
1765;24
1774;14
1774;13
1774;12
1774;11
1774;39
1774;40
1774;21
1774;22
1774;23
1774;29
1774;28
1774;8
1774;7
1774;6
1774;5
1774;4
1774;3
1774;2
1780;14
1780;13
1780;12
1780;11
1780;39
1780;40
1780;21
1780;29
1780;28
1780;8
1780;7
1780;6
1780;5
1780;4
1780;18
1780;17
1780;19
1780;20
1781;14
1781;13
1781;12
1781;11
1781;39
1781;40
1781;21
1781;29
1781;28
1781;8
1781;7
1781;6
1781;5
1781;4
1781;19
1781;9
1784;14
1784;13
1784;12
1784;11
1784;39
1784;40
1784;21
1784;29
1784;28
1784;8
1784;9
1784;27
1784;26
1793;14
1793;13
1793;12
1793;11
1793;39
1793;40
1793;21
1793;41
1793;15
1795;15
1795;14
1795;13
1815;15
1815;14
1815;13
1815;12
1815;11
1815;10
1815;9
1815;8
1815;7
1815;6
1815;5
1815;4
1815;18
1815;17
1815;19
1815;20
1815;21
1815;22
1815;23
1817;15
1817;14
1817;13
1817;12
1817;11
1817;10
1817;9
1817;8
1817;7
1817;6
1817;5
1817;4
1817;19
1817;20
1817;21
1817;22
1817;23
1817;29
1824;15
1824;14
1824;13
1824;12
1824;11
1824;10
1824;9
1824;8
1824;7
1824;6
1824;5
1824;4
1824;19
1824;20
1824;21
1824;30
1824;31
1824;32
1824;33
1824;40
1830;15
1830;14
1830;13
1830;12
1830;11
1830;10
1830;9
1830;8
1830;7
1830;6
1830;5
1830;4
1830;19
1830;20
1830;21
1830;41
1830;27
1830;26
1830;25
1840;15
1840;14
1840;13
1840;12
1840;11
1840;10
1840;9
1840;8
1840;28
1840;29
1840;21
1840;20
1840;19
1840;4
1840;3
1840;2
1840;5
1842;15
1842;14
1842;13
1842;12
1842;11
1842;10
1842;9
1842;8
1842;28
1842;29
1842;21
1842;20
1842;19
1842;4
1842;3
1842;2
1842;5
1842;6
1842;7
1843;15
1843;14
1843;13
1843;12
1843;11
1843;10
1843;9
1843;8
1843;28
1843;29
1843;21
1843;20
1843;19
1843;4
1843;5
1843;6
1843;18
1844;15
1844;14
1844;13
1844;12
1844;11
1844;10
1844;9
1844;8
1844;28
1844;29
1844;21
1844;20
1844;19
1844;4
1844;5
1844;6
1844;18
1844;17
1846;15
1846;14
1846;13
1846;12
1846;11
1846;10
1846;9
1846;8
1846;28
1846;29
1846;21
1846;20
1846;19
1846;4
1846;18
1846;17
1846;22
1858;15
1858;14
1858;13
1858;12
1858;11
1858;10
1858;9
1858;8
1858;28
1858;29
1858;21
1858;41
1858;38
1871;15
1871;14
1871;13
1871;12
1871;11
1871;39
1871;40
1871;21
1871;20
1871;19
1871;4
1871;3
1871;2
1871;5
1896;15
1896;14
1896;13
1896;12
1896;11
1896;39
1896;40
1896;21
1896;22
1896;23
1896;29
1896;28
1896;8
1896;7
1896;6
1896;5
1896;4
1896;3
1896;2
1902;15
1902;14
1902;13
1902;12
1902;11
1902;39
1902;40
1902;21
1902;29
1902;28
1902;8
1902;7
1902;6
1902;5
1902;4
1902;18
1902;17
1902;19
1902;20
1906;15
1906;14
1906;13
1906;12
1906;11
1906;39
1906;40
1906;21
1906;29
1906;28
1906;8
1906;9
1906;27
1906;26
1926;16
1926;17
1926;18
1926;4
1926;3
1926;2
1926;5
1926;6
1926;7
1926;8
1926;9
1926;10
1930;16
1930;17
1930;18
1930;4
1930;3
1930;2
1930;5
1930;6
1930;7
1930;8
1930;9
1930;10
1930;11
1930;12
1930;13
1930;14
1940;16
1940;17
1940;18
1940;4
1940;5
1940;6
1940;7
1940;8
1940;9
1940;10
1940;11
1940;38
1940;37
1940;36
1940;39
1940;40
1940;21
1940;20
1940;19
1953;16
1953;17
1953;18
1953;4
1953;5
1953;6
1953;7
1953;8
1953;9
1953;10
1953;11
1953;39
1953;40
1953;21
1953;41
1953;27
1961;16
1961;17
1961;18
1961;4
1961;5
1961;6
1961;7
1961;8
1961;28
1961;29
1961;21
1961;20
1961;22
1975;16
1975;17
1975;18
1975;4
1975;5
1975;6
1975;7
1975;8
1975;28
1975;29
1975;21
1975;40
1975;39
1975;11
1975;10
1975;12
1975;13
2046;17
2046;18
2046;4
2046;5
2046;6
2046;7
2046;8
2046;28
2046;29
2046;21
2046;40
2046;39
2046;11
2046;10
2046;12
2046;13
2048;17
2048;18
2048;4
2048;5
2048;6
2048;7
2048;8
2048;28
2048;29
2048;21
2048;40
2048;39
2048;11
2048;10
2048;12
2048;13
2048;14
2048;15
2052;17
2052;18
2052;4
2052;5
2052;6
2052;7
2052;8
2052;28
2052;29
2052;21
2052;40
2052;39
2052;11
2052;12
2052;13
2052;14
2052;38
2052;37
2052;36
2052;35
2062;18
2062;4
2062;3
2062;2
2062;5
2062;6
2064;18
2064;4
2064;3
2064;2
2064;5
2064;6
2064;7
2064;8
2068;18
2068;4
2068;3
2068;2
2068;5
2068;6
2068;7
2068;8
2068;9
2068;10
2068;11
2068;12
2071;18
2071;4
2071;3
2071;2
2071;5
2071;6
2071;7
2071;8
2071;9
2071;10
2071;11
2071;12
2071;13
2071;14
2071;15
2074;18
2074;4
2074;5
2074;6
2074;7
2074;8
2074;9
2074;10
2074;11
2074;12
2074;13
2074;14
2074;38
2074;37
2074;36
2080;18
2080;4
2080;5
2080;6
2080;7
2080;8
2080;9
2080;10
2080;11
2080;38
2080;37
2080;36
2080;39
2080;40
2080;21
2080;20
2080;19
2098;18
2098;4
2098;5
2098;6
2098;7
2098;8
2098;27
2098;26
2098;28
2098;29
2098;21
2101;18
2101;4
2101;5
2101;6
2101;7
2101;8
2101;28
2101;29
2101;21
2101;20
2101;22
2102;18
2102;4
2102;5
2102;6
2102;7
2102;8
2102;28
2102;29
2102;21
2102;20
2102;22
2102;23
2106;18
2106;4
2106;5
2106;6
2106;7
2106;8
2106;28
2106;29
2106;21
2106;22
2106;23
2106;30
2106;31
2106;32
2107;18
2107;4
2107;5
2107;6
2107;7
2107;8
2107;28
2107;29
2107;21
2107;22
2107;23
2107;30
2107;31
2107;32
2107;33
2144;19
2144;4
2144;5
2144;6
2144;7
2144;8
2144;9
2144;10
2144;11
2144;12
2144;13
2144;14
2144;38
2144;37
2162;19
2162;4
2162;5
2162;6
2162;7
2162;8
2162;9
2162;10
2162;11
2162;39
2162;40
2162;21
2162;30
2162;31
2162;32
2162;33
2162;41
2162;42
2164;19
2164;4
2164;5
2164;6
2164;7
2164;8
2164;9
2164;10
2164;11
2164;39
2164;40
2164;21
2164;41
2164;27
2164;26
2175;19
2175;4
2175;5
2175;6
2175;7
2175;8
2175;28
2175;29
2175;21
2175;22
2175;23
2175;30
2175;31
2175;32
2185;19
2185;4
2185;5
2185;6
2185;7
2185;8
2185;28
2185;29
2185;21
2185;40
2185;39
2185;11
2185;10
2185;12
2185;13
2185;14
2186;19
2186;4
2186;5
2186;6
2186;7
2186;8
2186;28
2186;29
2186;21
2186;40
2186;39
2186;11
2186;10
2186;12
2186;13
2186;14
2186;15
2190;19
2190;4
2190;5
2190;6
2190;7
2190;8
2190;28
2190;29
2190;21
2190;40
2190;39
2190;11
2190;12
2190;13
2190;14
2190;38
2190;37
2190;36
2190;35
2195;19
2195;4
2195;5
2195;6
2195;7
2195;8
2195;28
2195;29
2195;21
2195;41
2195;18
2195;17
2195;16
2201;19
2201;20
2201;21
2201;22
2201;23
2201;29
2205;19
2205;20
2205;21
2205;22
2205;23
2205;29
2205;28
2205;8
2205;7
2205;6
2206;19
2206;20
2206;21
2206;22
2206;23
2206;29
2206;28
2206;8
2206;7
2206;6
2206;5
2208;19
2208;20
2208;21
2208;22
2208;23
2208;29
2208;28
2208;8
2208;7
2208;6
2208;5
2208;4
2208;3
2223;19
2223;20
2223;21
2223;29
2223;28
2223;8
2223;9
2223;10
2223;11
2223;12
2223;13
2223;14
2223;38
2223;37
2223;36
2227;19
2227;20
2227;21
2227;29
2227;28
2227;8
2227;9
2227;10
2227;11
2227;39
2227;27
2259;19
2259;20
2259;21
2259;40
2259;39
2259;11
2259;10
2259;9
2259;8
2259;28
2259;12
2259;13
2259;14
2259;15
2274;20
2274;19
2274;4
2274;3
2274;2
2274;5
2274;6
2274;7
2274;8
2280;20
2280;19
2280;4
2280;3
2280;2
2280;5
2280;6
2280;7
2280;8
2280;9
2280;10
2280;11
2280;12
2280;13
2280;14
2299;20
2299;19
2299;4
2299;5
2299;6
2299;7
2299;8
2299;9
2299;10
2299;11
2299;39
2299;40
2299;21
2299;30
2299;31
2299;32
2299;33
2299;41
2308;20
2308;19
2308;4
2308;5
2308;6
2308;7
2308;8
2308;27
2308;26
2308;28
2308;29
2308;21
2308;22
2308;23
2316;20
2316;19
2316;4
2316;5
2316;6
2316;7
2316;8
2316;28
2316;29
2316;21
2316;30
2316;31
2316;32
2316;33
2316;40
2316;39
2322;20
2322;19
2322;4
2322;5
2322;6
2322;7
2322;8
2322;28
2322;29
2322;21
2322;40
2322;39
2322;11
2322;10
2322;12
2322;13
2322;14
2346;20
2346;21
2346;22
2346;23
2346;29
2346;28
2346;8
2346;7
2346;6
2346;5
2346;4
2346;3
2346;2
2346;1
2347;20
2347;21
2347;29
2347;28
2347;8
2347;7
2347;6
2347;5
2347;4
2347;3
2347;2
2347;18
2361;20
2361;21
2361;29
2361;28
2361;8
2361;9
2361;10
2361;11
2361;12
2361;13
2361;14
2361;38
2361;37
2361;36
2361;35
2376;20
2376;21
2376;30
2376;31
2376;32
2376;33
2376;40
2376;39
2376;11
2376;10
2376;9
2401;20
2401;21
2401;40
2401;39
2401;11
2401;12
2401;13
2401;14
2401;38
2401;37
2401;36
2401;35
2409;21
2409;20
2409;19
2409;4
2409;3
2409;2
2409;1
2419;21
2419;20
2419;19
2419;4
2419;3
2419;2
2419;5
2419;6
2419;7
2419;8
2419;9
2419;10
2419;11
2419;12
2419;13
2419;14
2426;21
2426;20
2426;19
2426;4
2426;5
2426;6
2426;7
2426;8
2426;9
2426;10
2426;11
2426;38
2426;37
2426;36
2426;39
2426;40
2429;21
2429;20
2429;19
2429;4
2429;5
2429;6
2429;7
2429;8
2429;9
2429;10
2429;11
2429;39
2429;27
2429;26
2429;25
2435;21
2435;20
2435;19
2435;4
2435;18
2435;17
2435;22
2440;21
2440;22
2440;23
2440;29
2440;28
2440;8
2448;21
2448;29
2448;28
2448;8
2448;7
2448;6
2448;5
2448;4
2448;3
2448;2
2448;18
2450;21
2450;29
2450;28
2450;8
2450;7
2450;6
2450;5
2450;4
2450;3
2450;2
2450;18
2450;17
2450;16
2481;21
2481;30
2481;31
2481;32
2481;33
2481;40
2481;39
2481;11
2481;10
2481;9
2481;8
2481;7
2481;6
2504;21
2504;40
2504;39
2504;11
2504;12
2504;13
2504;14
2504;38
2504;37
2504;36
2504;35
2517;22
2517;21
2517;20
2517;19
2517;4
2517;3
2517;2
2517;5
2517;6
2517;7
2517;8
2519;22
2519;21
2519;20
2519;19
2519;4
2519;3
2519;2
2519;5
2519;6
2519;7
2519;8
2519;9
2519;10
2539;22
2539;21
2539;20
2539;19
2539;4
2539;18
2539;17
2539;29
2542;22
2542;21
2542;20
2542;19
2542;4
2542;18
2542;17
2542;29
2542;28
2542;8
2542;7
2543;22
2543;21
2543;20
2543;19
2543;4
2543;18
2543;17
2543;29
2543;28
2543;8
2543;7
2543;6
2557;22
2557;21
2557;29
2557;28
2557;8
2557;9
2557;10
2557;11
2557;38
2557;37
2557;36
2557;39
2557;40
2569;22
2569;21
2569;30
2569;31
2569;32
2569;33
2569;40
2569;39
2569;11
2569;10
2571;22
2571;21
2571;30
2571;31
2571;32
2571;33
2571;40
2571;39
2571;11
2571;10
2571;9
2571;8
2610;23
2610;22
2610;21
2610;20
2610;19
2610;4
2610;3
2610;2
2610;5
2610;6
2641;23
2641;22
2641;21
2641;29
2641;28
2641;8
2641;7
2641;6
2641;9
2641;10
2655;23
2655;22
2655;21
2655;29
2655;28
2655;8
2655;9
2655;10
2655;11
2655;39
2655;27
2655;26
2655;25
2656;23
2656;22
2656;21
2656;29
2656;28
2656;8
2656;27
2656;26
2656;30
2659;23
2659;22
2659;21
2659;29
2659;28
2659;8
2659;27
2659;26
2659;30
2659;31
2659;32
2659;33
2660;23
2660;22
2660;21
2660;29
2660;28
2660;8
2660;27
2660;26
2660;30
2660;31
2660;32
2660;33
2660;34
2661;23
2661;22
2661;21
2661;30
2661;31
2661;32
2661;33
2661;40
2666;23
2666;22
2666;21
2666;30
2666;31
2666;32
2666;33
2666;40
2666;39
2666;11
2666;10
2666;9
2666;8
2694;23
2694;22
2694;21
2694;41
2694;24
2695;24
2695;23
2702;24
2702;23
2702;22
2702;21
2702;20
2702;19
2702;4
2702;3
2702;2
2712;24
2712;23
2712;22
2712;21
2712;20
2712;19
2712;4
2712;3
2712;2
2712;5
2712;6
2712;7
2712;8
2712;9
2712;10
2712;11
2712;12
2712;13
2717;24
2717;23
2717;22
2717;21
2717;20
2717;19
2717;4
2717;5
2717;6
2717;7
2717;8
2717;9
2717;10
2717;11
2717;12
2717;13
2717;14
2717;38
2717;37
2717;36
2720;24
2720;23
2720;22
2720;21
2720;20
2720;19
2720;4
2720;5
2720;6
2720;7
2720;8
2720;9
2720;10
2720;11
2720;38
2720;37
2720;36
2720;39
2720;40
2731;24
2731;23
2731;22
2731;21
2731;20
2731;19
2731;4
2731;18
2731;17
2731;29
2731;28
2731;8
2744;24
2744;23
2744;22
2744;21
2744;29
2744;28
2744;8
2744;9
2744;10
2744;11
2744;12
2744;13
2744;14
2744;38
2744;37
2744;36
2751;24
2751;23
2751;22
2751;21
2751;29
2751;28
2751;8
2751;27
2751;26
2751;30
2752;24
2752;23
2752;22
2752;21
2752;29
2752;28
2752;8
2752;27
2752;26
2752;30
2752;31
2789;25
2789;26
2792;25
2792;26
2792;27
2792;8
2792;7
2806;25
2806;26
2806;27
2806;8
2806;7
2806;6
2806;5
2806;4
2806;18
2806;17
2806;19
2806;20
2806;21
2806;22
2806;23
2810;25
2810;26
2810;27
2810;8
2810;7
2810;6
2810;5
2810;4
2810;19
2810;20
2810;21
2810;29
2810;30
2817;25
2817;26
2817;27
2817;8
2817;7
2817;6
2817;5
2817;4
2817;19
2817;20
2817;21
2817;30
2817;31
2817;32
2817;33
2817;40
2817;39
2817;11
2830;25
2830;26
2830;27
2830;8
2830;7
2830;6
2830;5
2830;4
2830;19
2830;20
2830;21
2830;41
2830;9
2838;25
2838;26
2838;27
2838;8
2838;9
2838;10
2838;11
2838;12
2838;13
2838;14
2838;38
2838;37
2840;25
2840;26
2840;27
2840;8
2840;9
2840;10
2840;11
2840;12
2840;13
2840;14
2840;38
2840;37
2840;36
2840;35
2854;25
2854;26
2854;27
2854;8
2854;9
2854;10
2854;11
2854;39
2854;40
2854;21
2854;20
2854;19
2854;4
2854;5
2854;6
2854;18
2854;17
2860;25
2860;26
2860;27
2860;8
2860;9
2860;10
2860;11
2860;39
2860;40
2860;21
2860;22
2860;23
2860;29
2860;28
2884;26
2884;27
2884;8
2884;7
2884;6
2884;5
2884;4
2884;18
2884;17
2884;19
2884;20
2886;26
2886;27
2886;8
2886;7
2886;6
2886;5
2886;4
2886;18
2886;17
2886;19
2886;20
2886;21
2886;22
2888;26
2888;27
2888;8
2888;7
2888;6
2888;5
2888;4
2888;18
2888;17
2888;19
2888;20
2888;21
2888;22
2888;23
2888;24
2890;26
2890;27
2890;8
2890;7
2890;6
2890;5
2890;4
2890;19
2890;20
2890;21
2890;22
2890;23
2890;29
2890;28
2904;26
2904;27
2904;8
2904;7
2904;6
2904;5
2904;4
2904;19
2904;20
2904;21
2904;40
2904;39
2904;11
2904;10
2904;12
2904;13
2904;14
2904;15
2912;26
2912;27
2912;8
2912;7
2912;6
2912;5
2912;4
2912;19
2912;20
2912;21
2912;41
2912;9
2912;10
2914;26
2914;27
2914;8
2914;7
2914;6
2914;5
2914;4
2914;19
2914;20
2914;21
2914;41
2914;9
2914;10
2914;11
2914;12
2921;26
2921;27
2921;8
2921;9
2921;10
2921;11
2921;12
2921;13
2921;14
2921;38
2921;37
2921;36
2921;35
2922;26
2922;27
2922;8
2922;9
2922;10
2922;11
2922;38
2922;37
2922;36
2922;39
2923;26
2923;27
2923;8
2923;9
2923;10
2923;11
2923;38
2923;37
2923;36
2923;39
2923;40
2924;26
2924;27
2924;8
2924;9
2924;10
2924;11
2924;38
2924;37
2924;36
2924;39
2924;40
2924;21
2926;26
2926;27
2926;8
2926;9
2926;10
2926;11
2926;38
2926;37
2926;36
2926;39
2926;40
2926;21
2926;20
2926;19
2931;26
2931;27
2931;8
2931;9
2931;10
2931;11
2931;39
2931;40
2931;21
2931;20
2931;19
2931;4
2931;3
2931;2
2931;5
2936;26
2936;27
2936;8
2936;9
2936;10
2936;11
2936;39
2936;40
2936;21
2936;20
2936;19
2936;4
2936;5
2936;6
2936;18
2936;17
2936;16
2947;26
2947;27
2947;8
2947;9
2947;10
2947;11
2947;39
2947;40
2947;21
2947;30
2947;31
2947;32
2947;33
2947;41
2954;27
2954;8
2954;7
2954;6
2954;5
2959;27
2959;8
2959;7
2959;6
2959;5
2959;4
2959;3
2959;2
2959;18
2964;27
2964;8
2964;7
2964;6
2964;5
2964;4
2964;18
2964;17
2964;19
2964;20
2964;21
2977;27
2977;8
2977;7
2977;6
2977;5
2977;4
2977;19
2977;20
2977;21
2977;30
2977;31
2977;32
2977;33
2977;40
2977;39
2977;11
3021;27
3021;8
3021;9
3021;10
3021;11
3021;39
3021;40
3021;21
3021;29
3021;30
3024;27
3024;8
3024;9
3024;10
3024;11
3024;39
3024;40
3024;21
3024;29
3024;30
3024;31
3024;32
3024;33
3032;28
3032;8
3046;28
3046;8
3046;7
3046;6
3046;5
3046;4
3046;18
3046;17
3046;19
3046;20
3046;21
3046;22
3048;28
3048;8
3048;7
3048;6
3048;5
3048;4
3048;18
3048;17
3048;19
3048;20
3048;21
3048;22
3048;23
3048;24
3058;28
3058;8
3058;7
3058;6
3058;5
3058;4
3058;19
3058;20
3058;21
3058;30
3058;31
3058;32
3058;33
3058;40
3058;39
3058;11
3058;10
3062;28
3062;8
3062;7
3062;6
3062;5
3062;4
3062;19
3062;20
3062;21
3062;40
3062;39
3062;11
3062;10
3062;12
3062;13
3062;14
3071;28
3071;8
3071;7
3071;6
3071;5
3071;4
3071;19
3071;20
3071;21
3071;41
3071;9
3071;10
3104;28
3104;8
3104;9
3104;10
3104;11
3104;39
3104;40
3104;21
3104;30
3104;31
3104;32
3104;33
3104;34
3105;28
3105;8
3105;9
3105;10
3105;11
3105;39
3105;40
3105;21
3105;30
3105;31
3105;32
3105;33
3105;41
3115;28
3115;8
3115;27
3115;26
3115;29
3115;21
3115;20
3115;19
3115;4
3115;3
3139;28
3139;29
3139;21
3139;20
3139;19
3139;4
3139;5
3139;6
3139;7
3139;8
3139;27
3139;26
3139;18
3139;17
3141;28
3141;29
3141;21
3141;20
3141;19
3141;4
3141;18
3141;17
3141;22
3142;28
3142;29
3142;21
3142;20
3142;19
3142;4
3142;18
3142;17
3142;22
3142;23
3153;28
3153;29
3153;21
3153;30
3153;31
3153;32
3153;33
3153;40
3153;39
3153;11
3153;10
3153;9
3160;28
3160;29
3160;21
3160;30
3160;31
3160;32
3160;33
3160;40
3160;39
3160;11
3160;10
3160;9
3160;8
3160;7
3160;6
3160;5
3160;4
3160;3
3160;2
3178;28
3178;29
3178;21
3178;40
3178;39
3178;11
3178;38
3178;37
3178;36
3178;41
3179;28
3179;29
3179;21
3179;40
3179;39
3179;11
3179;38
3179;37
3179;36
3179;41
3179;42
3186;29
3186;21
3186;20
3186;19
3186;4
3186;3
3186;2
3186;1
3198;29
3198;21
3198;20
3198;19
3198;4
3198;5
3198;6
3198;7
3198;8
3198;9
3198;10
3198;11
3198;12
3198;13
3198;14
3198;38
3207;29
3207;21
3207;20
3207;19
3207;4
3207;5
3207;6
3207;7
3207;8
3207;27
3207;26
3207;28
3209;29
3209;21
3209;20
3209;19
3209;4
3209;5
3209;6
3209;7
3209;8
3209;18
3209;17
3211;29
3211;21
3211;20
3211;19
3211;4
3211;18
3211;17
3211;22
3217;29
3217;21
3217;22
3217;23
3217;30
3217;31
3217;32
3217;33
3221;29
3221;21
3221;30
3221;31
3221;32
3221;33
3221;40
3221;39
3221;11
3230;29
3230;21
3230;30
3230;31
3230;32
3230;33
3230;40
3230;39
3230;11
3230;10
3230;9
3230;8
3230;7
3230;6
3230;5
3230;4
3230;3
3230;2
3232;29
3232;21
3232;40
3232;39
3232;11
3232;10
3232;9
3232;8
3232;7
3232;6
3232;5
3232;4
3232;3
3232;2
3232;18
3239;29
3239;21
3239;40
3239;39
3239;11
3239;10
3239;9
3239;8
3239;7
3239;6
3239;5
3239;4
3239;19
3239;27
3239;26
3239;25
3248;29
3248;21
3248;40
3248;39
3248;11
3248;12
3248;13
3248;14
3248;38
3248;37
3248;36
3248;35
3280;29
3280;28
3280;8
3280;7
3280;6
3280;5
3280;4
3280;19
3280;20
3280;21
3280;40
3280;39
3280;11
3280;10
3280;12
3280;13
3318;29
3318;28
3318;8
3318;9
3318;10
3318;11
3318;39
3318;40
3318;21
3318;22
3318;23
3318;30
3321;29
3321;28
3321;8
3321;9
3321;10
3321;11
3321;39
3321;40
3321;21
3321;22
3321;23
3321;30
3321;31
3321;32
3321;33
3323;29
3323;28
3323;8
3323;9
3323;10
3323;11
3323;39
3323;40
3323;21
3323;30
3323;31
3323;32
3323;33
3323;41
3338;30
3338;21
3338;20
3338;19
3338;4
3338;3
3338;2
3338;5
3338;6
3338;7
3338;8
3344;30
3344;21
3344;20
3344;19
3344;4
3344;3
3344;2
3344;5
3344;6
3344;7
3344;8
3344;9
3344;10
3344;11
3344;12
3344;13
3344;14
3355;30
3355;21
3355;20
3355;19
3355;4
3355;5
3355;6
3355;7
3355;8
3355;27
3355;26
3355;28
3373;30
3373;21
3373;29
3373;28
3373;8
3373;7
3373;6
3373;5
3373;4
3373;3
3373;2
3373;18
3375;30
3375;21
3375;29
3375;28
3375;8
3375;7
3375;6
3375;5
3375;4
3375;3
3375;2
3375;18
3375;17
3375;16
3416;31
3416;30
3416;21
3416;20
3416;19
3422;31
3422;30
3422;21
3422;20
3422;19
3422;4
3422;3
3422;2
3422;5
3422;6
3441;31
3441;30
3441;21
3441;20
3441;19
3441;4
3441;5
3441;6
3441;7
3441;8
3441;27
3441;26
3441;28
3443;31
3443;30
3443;21
3443;20
3443;19
3443;4
3443;5
3443;6
3443;7
3443;8
3443;28
3443;18
3444;31
3444;30
3444;21
3444;20
3444;19
3444;4
3444;5
3444;6
3444;7
3444;8
3444;28
3444;18
3444;17
3446;31
3446;30
3446;21
3446;20
3446;19
3446;4
3446;18
3446;17
3446;22
3457;31
3457;30
3457;21
3457;22
3457;23
3457;29
3457;28
3457;8
3457;7
3457;6
3457;5
3457;4
3457;3
3457;2
3458;31
3458;30
3458;21
3458;22
3458;23
3458;29
3458;28
3458;8
3458;7
3458;6
3458;5
3458;4
3458;3
3458;2
3458;1
3461;31
3461;30
3461;21
3461;29
3461;28
3461;8
3461;7
3461;6
3461;5
3461;4
3461;3
3461;2
3461;18
3461;17
3461;16
3467;31
3467;30
3467;21
3467;29
3467;28
3467;8
3467;7
3467;6
3467;5
3467;4
3467;19
3467;9
3467;10
3467;11
3467;12
3473;31
3473;30
3473;21
3473;29
3473;28
3473;8
3473;9
3473;10
3473;11
3473;12
3473;13
3473;14
3473;38
3473;37
3473;36
3478;31
3478;30
3478;21
3478;29
3478;28
3478;8
3478;9
3478;10
3478;11
3478;39
3478;27
3478;26
3503;32
3503;31
3503;30
3503;21
3503;20
3503;19
3503;4
3511;32
3511;31
3511;30
3511;21
3511;20
3511;19
3511;4
3511;3
3511;2
3511;5
3511;6
3511;7
3511;8
3511;9
3513;32
3513;31
3513;30
3513;21
3513;20
3513;19
3513;4
3513;3
3513;2
3513;5
3513;6
3513;7
3513;8
3513;9
3513;10
3513;11
3526;32
3526;31
3526;30
3526;21
3526;20
3526;19
3526;4
3526;5
3526;6
3526;7
3526;8
3526;9
3526;10
3526;11
3526;39
3526;27
3526;26
3526;25
3529;32
3529;31
3529;30
3529;21
3529;20
3529;19
3529;4
3529;5
3529;6
3529;7
3529;8
3529;28
3529;18
3538;32
3538;31
3538;30
3538;21
3538;22
3538;23
3538;29
3538;28
3538;8
3538;7
3563;32
3563;31
3563;30
3563;21
3563;29
3563;28
3563;8
3563;9
3563;10
3563;11
3563;39
3563;27
3565;32
3565;31
3565;30
3565;21
3565;29
3565;28
3565;8
3565;9
3565;10
3565;11
3565;39
3565;27
3565;26
3565;25
3572;32
3572;31
3572;30
3572;21
3572;40
3572;39
3572;11
3572;10
3572;12
3572;13
3577;32
3577;31
3577;30
3577;21
3577;40
3577;39
3577;11
3577;12
3577;13
3577;14
3577;38
3577;37
3577;36
3581;32
3581;31
3581;30
3581;21
3581;41
3581;33
3590;33
3590;32
3590;31
3590;30
3590;21
3590;20
3590;19
3590;4
3590;3
3610;33
3610;32
3610;31
3610;30
3610;21
3610;20
3610;19
3610;4
3610;5
3610;6
3610;7
3610;8
3610;9
3610;10
3610;11
3610;39
3610;27
3611;33
3611;32
3611;31
3611;30
3611;21
3611;20
3611;19
3611;4
3611;5
3611;6
3611;7
3611;8
3611;9
3611;10
3611;11
3611;39
3611;27
3611;26
3612;33
3612;32
3612;31
3612;30
3612;21
3612;20
3612;19
3612;4
3612;5
3612;6
3612;7
3612;8
3612;9
3612;10
3612;11
3612;39
3612;27
3612;26
3612;25
3664;33
3664;32
3664;31
3664;30
3664;21
3664;40
3664;39
3664;11
3664;12
3664;13
3664;14
3664;38
3664;37
3664;36
3664;35
3690;34
3690;33
3690;32
3690;31
3690;30
3690;21
3690;20
3690;19
3690;4
3690;5
3690;6
3690;7
3690;8
3690;9
3690;10
3690;11
3690;12
3690;13
3690;14
3690;38
3698;34
3698;33
3698;32
3698;31
3698;30
3698;21
3698;20
3698;19
3698;4
3698;5
3698;6
3698;7
3698;8
3698;9
3698;10
3698;11
3698;39
3698;27
3698;26
3698;25
3724;34
3724;33
3724;32
3724;31
3724;30
3724;21
3724;29
3724;28
3724;8
3724;7
3724;6
3724;5
3724;4
3724;19
3724;9
3724;10
3724;11
3726;34
3726;33
3726;32
3726;31
3726;30
3726;21
3726;29
3726;28
3726;8
3726;7
3726;6
3726;5
3726;4
3726;19
3726;9
3726;10
3726;11
3726;12
3726;13
3728;34
3728;33
3728;32
3728;31
3728;30
3728;21
3728;29
3728;28
3728;8
3728;7
3728;6
3728;5
3728;4
3728;19
3728;9
3728;10
3728;11
3728;12
3728;13
3728;14
3728;15
3730;34
3730;33
3730;32
3730;31
3730;30
3730;21
3730;29
3730;28
3730;8
3730;9
3730;10
3730;11
3730;12
3730;13
3730;14
3730;38
3730;37
3739;34
3739;33
3739;32
3739;31
3739;30
3739;21
3739;29
3739;28
3739;8
3739;27
3739;26
3739;40
3739;39
3743;34
3743;33
3743;32
3743;31
3743;30
3743;21
3743;40
3743;39
3743;11
3743;10
3743;12
3747;34
3747;33
3747;32
3747;31
3747;30
3747;21
3747;40
3747;39
3747;11
3747;12
3747;13
3747;14
3747;38
3753;35
3753;36
3759;35
3759;36
3759;37
3759;38
3759;11
3759;10
3759;9
3759;8
3777;35
3777;36
3777;37
3777;38
3777;11
3777;10
3777;9
3777;8
3777;7
3777;6
3777;5
3777;4
3777;19
3777;20
3777;21
3777;22
3777;23
3777;29
3777;28
3788;35
3788;36
3788;37
3788;38
3788;11
3788;10
3788;9
3788;8
3788;7
3788;6
3788;5
3788;4
3788;19
3788;20
3788;21
3788;41
3788;27
3788;26
3793;35
3793;36
3793;37
3793;38
3793;11
3793;10
3793;9
3793;8
3793;27
3793;26
3793;28
3793;29
3793;21
3793;20
3813;35
3813;36
3813;37
3813;38
3813;11
3813;10
3813;9
3813;8
3813;28
3813;29
3813;21
3813;30
3813;31
3813;32
3813;33
3813;40
3815;35
3815;36
3815;37
3815;38
3815;11
3815;10
3815;9
3815;8
3815;28
3815;29
3815;21
3815;40
3815;41
3821;35
3821;36
3821;37
3821;38
3821;11
3821;12
3821;13
3821;14
3821;39
3822;35
3822;36
3822;37
3822;38
3822;11
3822;12
3822;13
3822;14
3822;39
3822;40
3843;35
3843;36
3843;37
3843;38
3843;11
3843;39
3843;40
3843;21
3843;20
3843;19
3843;4
3843;5
3843;6
3843;7
3843;8
3843;28
3843;18
3843;17
3843;16
3844;35
3844;36
3844;37
3844;38
3844;11
3844;39
3844;40
3844;21
3844;20
3844;19
3844;4
3844;18
3844;17
3844;22
3854;35
3854;36
3854;37
3854;38
3854;11
3854;39
3854;40
3854;21
3854;22
3854;23
3854;29
3854;28
3854;8
3854;7
3854;6
3854;5
3854;4
3854;3
3870;35
3870;36
3870;37
3870;38
3870;11
3870;39
3870;40
3870;21
3870;29
3870;28
3870;8
3870;27
3870;26
3870;30
3870;31
3870;32
3870;33
3877;36
3877;37
3877;38
3877;11
3878;36
3878;37
3878;38
3878;11
3878;10
3917;36
3917;37
3917;38
3917;11
3917;10
3917;9
3917;8
3917;27
3917;26
3917;28
3917;29
3917;21
3917;20
3917;19
3917;4
3917;3
3925;36
3925;37
3925;38
3925;11
3925;10
3925;9
3925;8
3925;28
3925;29
3925;21
3925;20
3925;19
3925;4
3925;5
3925;6
3925;18
3925;17
3925;16
3928;36
3928;37
3928;38
3928;11
3928;10
3928;9
3928;8
3928;28
3928;29
3928;21
3928;20
3928;19
3928;4
3928;18
3928;17
3928;22
3928;23
3928;24
3957;36
3957;37
3957;38
3957;11
3957;39
3957;40
3957;21
3957;20
3957;19
3957;4
3957;5
3957;6
3957;7
3957;8
3957;9
3957;27
3962;36
3962;37
3962;38
3962;11
3962;39
3962;40
3962;21
3962;20
3962;19
3962;4
3962;5
3962;6
3962;7
3962;8
3962;28
3962;18
3991;36
3991;37
3991;38
3991;11
3991;39
3991;40
3991;21
3991;29
3991;28
3991;8
3991;27
3991;26
3991;30
3991;31
3991;32
3991;33
3997;37
3997;36
3997;38
3998;37
3998;36
3998;38
3998;11
4001;37
4001;36
4001;38
4001;11
4001;10
4001;9
4001;8
4002;37
4002;36
4002;38
4002;11
4002;10
4002;9
4002;8
4002;7
4003;37
4003;36
4003;38
4003;11
4003;10
4003;9
4003;8
4003;7
4003;6
4011;37
4011;38
4011;11
4011;10
4011;9
4011;8
4011;7
4011;6
4011;5
4011;4
4011;3
4011;2
4011;18
4011;17
4011;16
4015;37
4015;38
4015;11
4015;10
4015;9
4015;8
4015;7
4015;6
4015;5
4015;4
4015;18
4015;17
4015;19
4015;20
4015;21
4015;22
4021;37
4021;38
4021;11
4021;10
4021;9
4021;8
4021;7
4021;6
4021;5
4021;4
4021;19
4021;20
4021;21
4021;29
4021;30
4021;31
4025;37
4025;38
4025;11
4025;10
4025;9
4025;8
4025;7
4025;6
4025;5
4025;4
4025;19
4025;20
4025;21
4025;30
4025;31
4025;32
4025;33
4025;40
4034;37
4034;38
4034;11
4034;10
4034;9
4034;8
4034;27
4034;26
4034;28
4034;29
4034;21
4046;37
4046;38
4046;11
4046;10
4046;9
4046;8
4046;28
4046;29
4046;21
4046;20
4046;19
4046;4
4046;5
4046;6
4046;18
4046;17
4046;16
4053;37
4053;38
4053;11
4053;10
4053;9
4053;8
4053;28
4053;29
4053;21
4053;22
4053;23
4053;30
4053;31
4053;32
4053;33
4054;37
4054;38
4054;11
4054;10
4054;9
4054;8
4054;28
4054;29
4054;21
4054;22
4054;23
4054;30
4054;31
4054;32
4054;33
4054;34
4069;37
4069;38
4069;11
4069;12
4069;13
4069;14
4069;39
4069;40
4069;21
4069;20
4069;19
4069;4
4069;3
4083;37
4083;38
4083;11
4083;39
4083;40
4083;21
4083;20
4083;19
4083;4
4083;5
4083;6
4083;7
4083;8
4083;28
4083;18
4093;37
4093;38
4093;11
4093;39
4093;40
4093;21
4093;22
4093;23
4093;29
4093;28
4093;8
4093;7
4093;6
4095;37
4095;38
4095;11
4095;39
4095;40
4095;21
4095;22
4095;23
4095;29
4095;28
4095;8
4095;7
4095;6
4095;5
4095;4
4119;38
4119;11
4119;10
4119;9
4119;8
4135;38
4135;11
4135;10
4135;9
4135;8
4135;7
4135;6
4135;5
4135;4
4135;18
4135;17
4135;19
4135;20
4135;21
4135;22
4135;23
4135;24
4139;38
4139;11
4139;10
4139;9
4139;8
4139;7
4139;6
4139;5
4139;4
4139;19
4139;20
4139;21
4139;29
4139;30
4139;31
4155;38
4155;11
4155;10
4155;9
4155;8
4155;27
4155;26
4155;28
4155;29
4155;21
4155;20
4155;19
4155;4
4168;38
4168;11
4168;10
4168;9
4168;8
4168;28
4168;29
4168;21
4168;22
4168;23
4168;30
4173;38
4173;11
4173;10
4173;9
4173;8
4173;28
4173;29
4173;21
4173;30
4173;31
4173;32
4173;33
4173;40
4177;38
4177;11
4177;10
4177;9
4177;8
4177;28
4177;29
4177;21
4177;41
4177;12
4183;38
4183;11
4183;12
4183;13
4183;14
4183;39
4183;40
4183;21
4192;38
4192;11
4192;39
4192;40
4192;21
4192;20
4192;19
4192;4
4192;3
4192;2
4192;5
4192;6
4192;7
4193;38
4193;11
4193;39
4193;40
4193;21
4193;20
4193;19
4193;4
4193;3
4193;2
4193;5
4193;6
4193;7
4193;8
4209;38
4209;11
4209;39
4209;40
4209;21
4209;22
4209;23
4209;29
4209;28
4209;8
4220;38
4220;11
4220;39
4220;40
4220;21
4220;29
4220;28
4220;8
4220;7
4220;6
4220;5
4220;4
4220;18
4220;17
4220;19
4226;38
4226;11
4226;39
4226;40
4226;21
4226;29
4226;28
4226;8
4226;9
4226;27
4226;26
4226;25
4231;38
4231;11
4231;39
4231;40
4231;21
4231;29
4231;28
4231;8
4231;27
4231;26
4231;30
4231;31
4231;32
4231;33
4231;34
4234;38
4234;11
4234;39
4234;40
4234;21
4234;41
4234;37
4238;39
4238;11
4238;10
4244;39
4244;11
4244;10
4244;9
4244;8
4244;7
4244;6
4244;5
4244;4
4269;39
4269;11
4269;10
4269;9
4269;8
4269;7
4269;6
4269;5
4269;4
4269;19
4269;20
4269;21
4269;41
4269;27
4269;26
4269;25
4272;39
4272;11
4272;10
4272;9
4272;8
4272;27
4272;26
4272;28
4272;29
4272;21
4273;39
4273;11
4273;10
4273;9
4273;8
4273;27
4273;26
4273;28
4273;29
4273;21
4273;20
4279;39
4279;11
4279;10
4279;9
4279;8
4279;28
4279;29
4279;21
4279;20
4279;19
4279;4
4279;3
4279;2
4279;5
4287;39
4287;11
4287;10
4287;9
4287;8
4287;28
4287;29
4287;21
4287;20
4287;19
4287;4
4287;18
4287;17
4287;22
4287;23
4287;24
4306;39
4306;11
4306;38
4306;37
4306;36
4306;40
4306;21
4306;20
4314;39
4314;40
4314;21
4314;20
4314;19
4314;4
4314;3
4314;2
4314;5
4314;6
4314;7
4317;39
4317;40
4317;21
4317;20
4317;19
4317;4
4317;3
4317;2
4317;5
4317;6
4317;7
4317;8
4317;9
4317;10
4334;39
4334;40
4334;21
4334;20
4334;19
4334;4
4334;5
4334;6
4334;7
4334;8
4334;28
4334;18
4334;17
4334;16
4340;39
4340;40
4340;21
4340;22
4340;23
4340;29
4340;28
4340;8
4343;39
4343;40
4343;21
4343;22
4343;23
4343;29
4343;28
4343;8
4343;7
4343;6
4343;5
4351;39
4351;40
4351;21
4351;29
4351;28
4351;8
4351;7
4351;6
4351;5
4351;4
4351;18
4351;17
4351;19
4358;39
4358;40
4358;21
4358;29
4358;28
4358;8
4358;7
4358;6
4358;5
4358;4
4358;19
4358;9
4358;10
4358;11
4358;12
4358;13
4358;14
4363;39
4363;40
4363;21
4363;29
4363;28
4363;8
4363;9
4363;10
4363;11
4363;12
4363;13
4363;14
4363;38
4363;37
4363;36
4363;35
4368;39
4368;40
4368;21
4368;29
4368;28
4368;8
4368;27
4368;26
4368;30
4368;31
4375;40
4375;21
4375;20
4380;40
4380;21
4380;20
4380;19
4380;4
4380;3
4380;2
4380;1
4381;40
4381;21
4381;20
4381;19
4381;4
4381;3
4381;2
4381;5
4416;40
4416;21
4416;22
4416;23
4416;29
4416;28
4416;8
4416;7
4416;6
4416;5
4416;4
4416;3
4416;2
4417;40
4417;21
4417;22
4417;23
4417;29
4417;28
4417;8
4417;7
4417;6
4417;5
4417;4
4417;3
4417;2
4417;1
4419;40
4419;21
4419;29
4419;28
4419;8
4419;7
4419;6
4419;5
4419;4
4419;3
4419;2
4419;18
4419;17
4428;40
4428;21
4428;29
4428;28
4428;8
4428;7
4428;6
4428;5
4428;4
4428;19
4428;9
4428;10
4428;11
4428;12
4428;13
4428;14
4431;40
4431;21
4431;29
4431;28
4431;8
4431;9
4431;10
4431;11
4431;12
4431;13
4431;14
4431;38
4431;37
4439;40
4439;21
4439;29
4439;28
4439;8
4439;27
4439;26
4439;30
4439;31
4443;40
4443;21
4443;30
4443;31
4443;32
4443;33
4443;41
4457;40
4457;39
4457;11
4457;10
4457;9
4457;8
4457;7
4457;6
4457;5
4457;4
4457;3
4457;2
4457;18
4470;40
4470;39
4470;11
4470;10
4470;9
4470;8
4470;7
4470;6
4470;5
4470;4
4470;19
4470;20
4470;21
4470;29
4470;30
4470;31
4470;32
4473;40
4473;39
4473;11
4473;10
4473;9
4473;8
4473;7
4473;6
4473;5
4473;4
4473;19
4473;20
4473;21
4473;30
4473;31
4473;32
4473;33
4473;41
4476;40
4476;39
4476;11
4476;10
4476;9
4476;8
4476;7
4476;6
4476;5
4476;4
4476;19
4476;20
4476;21
4476;41
4476;27
4476;26
4486;40
4486;39
4486;11
4486;10
4486;9
4486;8
4486;27
4486;26
4486;28
4486;29
4486;21
4486;20
4486;19
4486;4
4486;3
4486;2
4486;1
4524;41
4524;21
4524;20
4524;19
4524;4
4524;3
4524;2
4524;5
4524;6
4524;7
4524;8
4524;9
4524;10
4524;11
4540;41
4540;21
4540;20
4540;19
4540;4
4540;5
4540;6
4540;7
4540;8
4540;28
4540;18
4541;41
4541;21
4541;20
4541;19
4541;4
4541;5
4541;6
4541;7
4541;8
4541;28
4541;18
4541;17
4552;41
4552;21
4552;22
4552;23
4552;29
4552;28
4552;8
4552;7
4552;6
4552;5
4552;4
4553;41
4553;21
4553;22
4553;23
4553;29
4553;28
4553;8
4553;7
4553;6
4553;5
4553;4
4553;3
4557;41
4557;21
4557;29
4557;28
4557;8
4557;7
4557;6
4557;5
4557;4
4557;3
4557;2
4557;18
4557;17
4560;41
4560;21
4560;29
4560;28
4560;8
4560;7
4560;6
4560;5
4560;4
4560;18
4560;17
4560;19
4560;20
4561;41
4561;21
4561;29
4561;28
4561;8
4561;7
4561;6
4561;5
4561;4
4561;19
4561;9
4575;41
4575;21
4575;29
4575;28
4575;8
4575;9
4575;10
4575;11
4575;39
4575;27
4575;26
4581;41
4581;21
4581;29
4581;28
4581;8
4581;27
4581;26
4581;30
4581;31
4581;32
4581;33
4581;34
4584;41
4584;21
4584;30
4584;31
4584;32
4584;33
4584;40
4584;39
4584;11
4604;41
4604;21
4604;40
4604;39
4604;11
4604;10
4604;9
4604;8
4604;27
4604;26
4604;28
4604;29
4608;41
4608;21
4608;40
4608;39
4608;11
4608;10
4608;9
4608;8
4608;28
4608;12
4608;13
4608;14
4608;15
4610;41
4610;21
4610;40
4610;39
4610;11
4610;12
4610;13
4610;14
4610;38
4610;37
4612;41
4612;21
4612;40
4612;39
4612;11
4612;12
4612;13
4612;14
4612;38
4612;37
4612;36
4612;35
4618;42
4618;41
4618;21
4618;20
4618;19
4618;4
4620;42
4620;41
4620;21
4620;20
4620;19
4620;4
4620;3
4620;2
4647;42
4647;41
4647;21
4647;20
4647;19
4647;4
4647;18
4647;17
4647;22
4650;42
4650;41
4650;21
4650;22
4650;23
4650;29
4667;42
4667;41
4667;21
4667;29
4667;28
4667;8
4667;7
4667;6
4667;5
4667;4
4667;19
4667;9
4667;10
4667;11
4673;42
4673;41
4673;21
4673;29
4673;28
4673;8
4673;9
4673;10
4673;11
4673;12
4673;13
4673;14
4673;38
4673;37
4674;42
4674;41
4674;21
4674;29
4674;28
4674;8
4674;9
4674;10
4674;11
4674;12
4674;13
4674;14
4674;38
4674;37
4674;36
4688;42
4688;41
4688;21
4688;30
4688;31
4688;32
4688;33
4688;40
4688;39
4688;11
4704;42
4704;41
4704;21
4704;40
4704;39
4704;11
4704;10
4704;9
4704;8
4704;7
4704;6
4704;5
4704;4
4704;19
4704;27
4712;42
4712;41
4712;21
4712;40
4712;39
4712;11
4712;10
4712;9
4712;8
4712;28
4712;12
4712;13
4712;14
4712;15
4714;42
4714;41
4714;21
4714;40
4714;39
4714;11
4714;12
4714;13
4714;14
4714;38
4714;37
4727;44
4727;45
4727;46
4727;47
4766;50
4766;49
4767;1
4767;2
4767;3
4767;4
4767;5
4767;6
4767;7
4767;8
4767;9
4767;10
4767;11
4767;39
4767;40
4767;21
4767;41
4767;27
4768;1
4768;2
4768;3
4768;4
4768;5
4768;6
4768;7
4768;8
4768;27
4768;26
4768;28
4768;29
4768;21
4768;20
4769;1
4769;2
4769;3
4769;4
4769;5
4769;6
4769;7
4769;8
4769;28
4769;29
4769;21
4769;22
4769;23
4769;30
4769;31
4769;32
4769;33
4770;1
4770;2
4770;3
4770;4
4770;19
4770;20
4770;21
4770;29
4770;28
4770;8
4770;7
4770;6
4770;9
4770;10
4770;11
4770;12
4771;1
4771;2
4771;3
4771;4
4771;19
4771;20
4771;21
4771;29
4771;28
4771;8
4771;9
4771;10
4771;11
4771;12
4771;13
4771;14
4771;38
4771;37
4771;36
4772;1
4772;2
4772;3
4772;4
4772;19
4772;20
4772;21
4772;29
4772;28
4772;8
4772;9
4772;10
4772;11
4772;12
4772;13
4772;14
4772;38
4772;37
4772;36
4772;35
4773;1
4773;2
4773;3
4773;4
4773;19
4773;20
4773;21
4773;30
4773;31
4773;32
4773;33
4773;40
4773;39
4773;11
4774;1
4774;2
4774;3
4774;4
4774;19
4774;20
4774;21
4774;40
4774;39
4774;11
4774;10
4774;9
4774;8
4774;7
4774;6
4774;27
4774;26
4774;25
4775;1
4775;2
4775;3
4775;4
4775;19
4775;20
4775;21
4775;40
4775;39
4775;11
4775;12
4775;13
4775;14
4775;38
4775;37
4775;36
4775;35
4776;2
4776;3
4776;4
4776;5
4776;6
4776;7
