22;1;1
22;2;2
22;3;3
22;4;4
22;5;5
22;6;6
22;7;7
22;8;8
22;9;9
22;10;10
22;11;11
22;38;12
22;37;13
22;36;14
22;39;15
22;40;16
22;21;17
22;20;18
36;1;1
36;2;2
36;3;3
36;4;4
36;5;5
36;6;6
36;7;7
36;8;8
36;9;9
36;10;10
36;11;11
36;39;12
36;40;13
36;21;14
36;41;15
36;27;16
42;1;1
42;2;2
42;3;3
42;4;4
42;5;5
42;6;6
42;7;7
42;8;8
42;27;9
42;26;10
42;28;11
42;29;12
42;21;13
42;20;14
50;1;1
50;2;2
50;3;3
50;4;4
50;5;5
50;6;6
50;7;7
50;8;8
50;28;9
50;29;10
50;21;11
50;22;12
50;23;13
50;30;14
50;31;15
50;32;16
50;33;17
85;1;1
85;2;2
85;3;3
85;4;4
85;19;5
85;20;6
85;21;7
85;29;8
85;28;9
85;8;10
85;7;11
85;6;12
85;9;13
85;10;14
85;11;15
85;12;16
91;1;1
91;2;2
91;3;3
91;4;4
91;19;5
91;20;6
91;21;7
91;29;8
91;28;9
91;8;10
91;9;11
91;10;12
91;11;13
91;12;14
91;13;15
91;14;16
91;38;17
91;37;18
91;36;19
92;1;1
92;2;2
92;3;3
92;4;4
92;19;5
92;20;6
92;21;7
92;29;8
92;28;9
92;8;10
92;9;11
92;10;12
92;11;13
92;12;14
92;13;15
92;14;16
92;38;17
92;37;18
92;36;19
92;35;20
105;1;1
105;2;2
105;3;3
105;4;4
105;19;5
105;20;6
105;21;7
105;30;8
105;31;9
105;32;10
105;33;11
105;40;12
105;39;13
105;11;14
114;1;1
114;2;2
114;3;3
114;4;4
114;19;5
114;20;6
114;21;7
114;40;8
114;39;9
114;11;10
114;10;11
114;9;12
114;8;13
114;7;14
114;6;15
114;27;16
114;26;17
114;25;18
124;1;1
124;2;2
124;3;3
124;4;4
124;19;5
124;20;6
124;21;7
124;40;8
124;39;9
124;11;10
124;12;11
124;13;12
124;14;13
124;38;14
124;37;15
124;36;16
124;35;17
132;2;1
132;3;2
132;4;3
132;5;4
132;6;5
132;7;6
134;2;1
134;3;2
134;4;3
134;5;4
134;6;5
134;7;6
134;8;7
134;9;8
135;2;1
135;3;2
135;4;3
135;5;4
135;6;5
135;7;6
135;8;7
135;9;8
135;10;9
139;2;1
139;3;2
139;4;3
139;5;4
139;6;5
139;7;6
139;8;7
139;9;8
139;10;9
139;11;10
139;12;11
139;13;12
139;14;13
155;2;1
155;3;2
155;4;3
155;5;4
155;6;5
155;7;6
155;8;7
155;9;8
155;10;9
155;11;10
155;39;11
155;40;12
155;21;13
155;29;14
155;30;15
157;2;1
157;3;2
157;4;3
157;5;4
157;6;5
157;7;6
157;8;7
157;9;8
157;10;9
157;11;10
157;39;11
157;40;12
157;21;13
157;29;14
157;30;15
157;31;16
157;32;17
158;2;1
158;3;2
158;4;3
158;5;4
158;6;5
158;7;6
158;8;7
158;9;8
158;10;9
158;11;10
158;39;11
158;40;12
158;21;13
158;29;14
158;30;15
158;31;16
158;32;17
158;33;18
167;2;1
167;3;2
167;4;3
167;5;4
167;6;5
167;7;6
167;8;7
167;27;8
167;26;9
167;28;10
167;29;11
167;21;12
171;2;1
171;3;2
171;4;3
171;5;4
171;6;5
171;7;6
171;8;7
171;28;8
171;29;9
171;21;10
171;20;11
171;22;12
171;23;13
178;2;1
178;3;2
178;4;3
178;5;4
178;6;5
178;7;6
178;8;7
178;28;8
178;29;9
178;21;10
178;30;11
178;31;12
178;32;13
178;33;14
178;40;15
206;2;1
206;3;2
206;4;3
206;19;4
206;20;5
206;21;6
206;22;7
206;23;8
206;29;9
206;28;10
206;8;11
206;7;12
206;6;13
208;2;1
208;3;2
208;4;3
208;19;4
208;20;5
208;21;6
208;29;7
208;28;8
208;8;9
208;7;10
208;6;11
208;9;12
239;2;1
239;3;2
239;4;3
239;19;4
239;20;5
239;21;6
239;40;7
239;39;8
239;11;9
239;10;10
239;9;11
239;8;12
239;7;13
239;6;14
239;27;15
239;26;16
262;3;1
262;2;2
262;4;3
262;5;4
262;6;5
262;7;6
262;8;7
262;9;8
262;10;9
262;11;10
276;3;1
276;4;2
276;5;3
276;6;4
276;7;5
276;8;6
276;9;7
276;10;8
276;11;9
276;39;10
276;40;11
276;21;12
276;20;13
276;22;14
301;3;1
301;4;2
301;5;3
301;6;4
301;7;5
301;8;6
301;28;7
301;29;8
301;21;9
301;22;10
301;23;11
301;30;12
301;31;13
301;32;14
313;3;1
313;4;2
313;5;3
313;6;4
313;7;5
313;8;6
313;28;7
313;29;8
313;21;9
313;40;10
313;39;11
313;11;12
313;12;13
313;13;14
313;14;15
313;38;16
315;3;1
315;4;2
315;5;3
315;6;4
315;7;5
315;8;6
315;28;7
315;29;8
315;21;9
315;40;10
315;39;11
315;11;12
315;12;13
315;13;14
315;14;15
315;38;16
315;37;17
315;36;18
339;3;1
339;4;2
339;19;3
339;20;4
339;21;5
339;29;6
339;28;7
339;8;8
339;7;9
339;6;10
339;9;11
339;10;12
339;11;13
339;12;14
339;13;15
339;14;16
369;3;1
369;4;2
369;19;3
369;20;4
369;21;5
369;40;6
369;39;7
369;11;8
369;10;9
369;9;10
369;8;11
369;28;12
369;12;13
376;3;1
376;4;2
376;19;3
376;20;4
376;21;5
376;40;6
376;39;7
376;11;8
376;12;9
376;13;10
376;14;11
376;38;12
376;37;13
376;36;14
376;35;15
380;4;1
380;3;2
380;2;3
384;4;1
384;3;2
384;2;3
384;5;4
384;6;5
384;7;6
387;4;1
387;3;2
387;2;3
387;5;4
387;6;5
387;7;6
387;8;7
387;9;8
387;10;9
397;4;1
397;5;2
397;6;3
397;7;4
397;8;5
397;9;6
397;10;7
397;11;8
397;38;9
397;37;10
397;36;11
397;39;12
410;4;1
410;5;2
410;6;3
410;7;4
410;8;5
410;9;6
410;10;7
410;11;8
410;39;9
410;40;10
410;21;11
410;29;12
410;30;13
410;31;14
410;32;15
410;33;16
422;4;1
422;5;2
422;6;3
422;7;4
422;8;5
422;28;6
422;29;7
422;21;8
422;20;9
422;22;10
424;4;1
424;5;2
424;6;3
424;7;4
424;8;5
424;28;6
424;29;7
424;21;8
424;20;9
424;22;10
424;23;11
424;24;12
427;4;1
427;5;2
427;6;3
427;7;4
427;8;5
427;28;6
427;29;7
427;21;8
427;22;9
427;23;10
427;30;11
427;31;12
427;32;13
431;4;1
431;5;2
431;6;3
431;7;4
431;8;5
431;28;6
431;29;7
431;21;8
431;30;9
431;31;10
431;32;11
431;33;12
431;40;13
431;39;14
455;4;1
455;19;2
455;20;3
455;21;4
455;22;5
455;23;6
455;29;7
455;28;8
467;4;1
467;19;2
467;20;3
467;21;4
467;29;5
467;28;6
467;8;7
467;9;8
467;10;9
467;11;10
467;12;11
467;13;12
467;14;13
467;38;14
468;4;1
468;19;2
468;20;3
468;21;4
468;29;5
468;28;6
468;8;7
468;9;8
468;10;9
468;11;10
468;12;11
468;13;12
468;14;13
468;38;14
468;37;15
477;4;1
477;19;2
477;20;3
477;21;4
477;29;5
477;28;6
477;8;7
477;27;8
477;26;9
477;30;10
477;31;11
483;4;1
483;19;2
483;20;3
483;21;4
483;30;5
483;31;6
483;32;7
483;33;8
483;40;9
483;39;10
483;11;11
487;4;1
487;19;2
487;20;3
487;21;4
487;30;5
487;31;6
487;32;7
487;33;8
487;40;9
487;39;10
487;11;11
487;10;12
487;9;13
487;8;14
487;7;15
488;4;1
488;19;2
488;20;3
488;21;4
488;30;5
488;31;6
488;32;7
488;33;8
488;40;9
488;39;10
488;11;11
488;10;12
488;9;13
488;8;14
488;7;15
488;6;16
495;4;1
495;19;2
495;20;3
495;21;4
495;40;5
495;39;6
495;11;7
495;10;8
495;9;9
495;8;10
495;28;11
495;12;12
497;4;1
497;19;2
497;20;3
497;21;4
497;40;5
497;39;6
497;11;7
497;10;8
497;9;9
497;8;10
497;28;11
497;12;12
497;13;13
497;14;14
516;5;1
516;4;2
516;18;3
516;17;4
516;19;5
516;20;6
516;21;7
516;22;8
516;23;9
519;5;1
519;4;2
519;19;3
519;20;4
519;21;5
519;22;6
519;23;7
519;29;8
519;28;9
536;5;1
536;4;2
536;19;3
536;20;4
536;21;5
536;29;6
536;28;7
536;8;8
536;9;9
536;10;10
536;11;11
536;39;12
536;27;13
542;5;1
542;4;2
542;19;3
542;20;4
542;21;5
542;29;6
542;28;7
542;8;8
542;27;9
542;26;10
542;30;11
542;31;12
542;32;13
542;33;14
554;5;1
554;4;2
554;19;3
554;20;4
554;21;5
554;40;6
554;39;7
554;11;8
554;10;9
554;9;10
554;8;11
554;7;12
554;27;13
554;26;14
554;25;15
580;5;1
580;6;2
580;7;3
580;8;4
580;9;5
580;10;6
580;11;7
580;12;8
580;13;9
580;14;10
580;38;11
580;37;12
580;36;13
580;35;14
590;5;1
590;6;2
590;7;3
590;8;4
590;9;5
590;10;6
590;11;7
590;39;8
590;40;9
590;21;10
590;20;11
590;19;12
590;4;13
590;3;14
590;2;15
590;18;16
634;5;1
634;6;2
634;7;3
634;8;4
634;28;5
634;29;6
634;21;7
634;40;8
634;39;9
634;11;10
634;10;11
634;12;12
634;13;13
635;5;1
635;6;2
635;7;3
635;8;4
635;28;5
635;29;6
635;21;7
635;40;8
635;39;9
635;11;10
635;10;11
635;12;12
635;13;13
635;14;14
637;5;1
637;6;2
637;7;3
637;8;4
637;28;5
637;29;6
637;21;7
637;40;8
637;39;9
637;11;10
637;12;11
637;13;12
637;14;13
637;38;14
649;6;1
649;5;2
649;4;3
649;3;4
649;2;5
649;18;6
649;17;7
655;6;1
655;5;2
655;4;3
655;18;4
655;17;5
655;19;6
655;20;7
655;21;8
655;22;9
655;23;10
683;6;1
683;5;2
683;4;3
683;19;4
683;20;5
683;21;6
683;30;7
683;31;8
683;32;9
683;33;10
683;40;11
683;39;12
684;6;1
684;5;2
684;4;3
684;19;4
684;20;5
684;21;6
684;30;7
684;31;8
684;32;9
684;33;10
684;40;11
684;39;12
684;11;13
685;6;1
685;5;2
685;4;3
685;19;4
685;20;5
685;21;6
685;30;7
685;31;8
685;32;9
685;33;10
685;40;11
685;39;12
685;11;13
685;10;14
689;6;1
689;5;2
689;4;3
689;19;4
689;20;5
689;21;6
689;40;7
689;39;8
689;11;9
689;10;10
689;9;11
689;8;12
689;27;13
690;6;1
690;5;2
690;4;3
690;19;4
690;20;5
690;21;6
690;40;7
690;39;8
690;11;9
690;10;10
690;9;11
690;8;12
690;27;13
690;26;14
695;6;1
695;5;2
695;4;3
695;19;4
695;20;5
695;21;6
695;40;7
695;39;8
695;11;9
695;10;10
695;9;11
695;8;12
695;28;13
695;12;14
695;13;15
696;6;1
696;5;2
696;4;3
696;19;4
696;20;5
696;21;6
696;40;7
696;39;8
696;11;9
696;10;10
696;9;11
696;8;12
696;28;13
696;12;14
696;13;15
696;14;16
714;6;1
714;7;2
714;8;3
714;9;4
714;10;5
714;11;6
714;12;7
714;13;8
714;14;9
714;38;10
714;37;11
728;6;1
728;7;2
728;8;3
728;9;4
728;10;5
728;11;6
728;39;7
728;40;8
728;21;9
728;20;10
728;19;11
728;4;12
728;18;13
728;17;14
732;6;1
732;7;2
732;8;3
732;9;4
732;10;5
732;11;6
732;39;7
732;40;8
732;21;9
732;20;10
732;19;11
732;4;12
732;18;13
732;17;14
732;22;15
732;23;16
732;24;17
734;6;1
734;7;2
734;8;3
734;9;4
734;10;5
734;11;6
734;39;7
734;40;8
734;21;9
734;22;10
734;23;11
734;29;12
734;28;13
741;6;1
741;7;2
741;8;3
741;9;4
741;10;5
741;11;6
741;39;7
741;40;8
741;21;9
741;30;10
741;31;11
741;32;12
741;33;13
741;41;14
741;42;15
745;6;1
745;7;2
745;8;3
745;27;4
745;26;5
745;28;6
746;6;1
746;7;2
746;8;3
746;27;4
746;26;5
746;28;6
746;29;7
747;6;1
747;7;2
747;8;3
747;27;4
747;26;5
747;28;6
747;29;7
747;21;8
753;6;1
753;7;2
753;8;3
753;27;4
753;26;5
753;28;6
753;29;7
753;21;8
753;20;9
753;19;10
753;4;11
753;3;12
753;2;13
753;1;14
761;6;1
761;7;2
761;8;3
761;28;4
761;29;5
761;21;6
761;22;7
761;23;8
761;30;9
768;6;1
768;7;2
768;8;3
768;28;4
768;29;5
768;21;6
768;30;7
768;31;8
768;32;9
768;33;10
768;40;11
768;39;12
768;11;13
771;6;1
771;7;2
771;8;3
771;28;4
771;29;5
771;21;6
771;40;7
771;39;8
771;11;9
771;10;10
771;12;11
795;7;1
795;6;2
795;5;3
795;4;4
795;18;5
795;17;6
795;19;7
795;20;8
795;21;9
795;22;10
795;23;11
795;24;12
823;7;1
823;6;2
823;5;3
823;4;4
823;19;5
823;20;6
823;21;7
823;30;8
823;31;9
823;32;10
823;33;11
823;40;12
823;39;13
823;11;14
823;10;15
824;7;1
824;6;2
824;5;3
824;4;4
824;19;5
824;20;6
824;21;7
824;30;8
824;31;9
824;32;10
824;33;11
824;40;12
824;39;13
824;11;14
824;10;15
824;9;16
835;7;1
835;6;2
835;5;3
835;4;4
835;19;5
835;20;6
835;21;7
835;40;8
835;39;9
835;11;10
835;12;11
835;13;12
835;14;13
835;38;14
842;7;1
842;6;2
842;5;3
842;4;4
842;19;5
842;20;6
842;21;7
842;41;8
842;8;9
842;9;10
866;7;1
866;8;2
866;9;3
866;10;4
866;11;5
866;39;6
866;40;7
866;21;8
866;20;9
866;19;10
866;4;11
866;5;12
866;18;13
866;17;14
866;16;15
869;7;1
869;8;2
869;9;3
869;10;4
869;11;5
869;39;6
869;40;7
869;21;8
869;20;9
869;19;10
869;4;11
869;18;12
869;17;13
869;22;14
869;23;15
869;24;16
872;7;1
872;8;2
872;9;3
872;10;4
872;11;5
872;39;6
872;40;7
872;21;8
872;29;9
872;30;10
906;7;1
906;8;2
906;28;3
906;29;4
906;21;5
906;30;6
906;31;7
906;32;8
906;33;9
906;40;10
906;39;11
906;11;12
916;7;1
916;8;2
916;28;3
916;29;4
916;21;5
916;40;6
916;39;7
916;11;8
916;12;9
916;13;10
916;14;11
916;38;12
916;37;13
916;36;14
916;35;15
923;8;1
923;7;2
923;6;3
923;5;4
923;4;5
923;3;6
964;8;1
964;9;2
964;10;3
964;11;4
964;12;5
964;13;6
964;14;7
964;38;8
981;8;1
981;9;2
981;10;3
981;11;4
981;39;5
981;40;6
981;21;7
981;20;8
981;19;9
981;4;10
981;5;11
981;6;12
981;18;13
981;17;14
983;8;1
983;9;2
983;10;3
983;11;4
983;39;5
983;40;6
983;21;7
983;20;8
983;19;9
983;4;10
983;18;11
983;17;12
983;22;13
989;8;1
989;9;2
989;10;3
989;11;4
989;39;5
989;40;6
989;21;7
989;29;8
989;30;9
989;31;10
992;8;1
992;9;2
992;10;3
992;11;4
992;39;5
992;40;6
992;21;7
992;29;8
992;30;9
992;31;10
992;32;11
992;33;12
992;34;13
998;8;1
998;27;2
998;26;3
998;28;4
1002;8;1
1002;27;2
1002;26;3
1002;28;4
1002;29;5
1002;21;6
1002;20;7
1002;19;8
1008;8;1
1008;28;2
1008;29;3
1008;21;4
1008;20;5
1008;19;6
1008;4;7
1008;3;8
1008;2;9
1008;5;10
1008;6;11
1013;8;1
1013;28;2
1013;29;3
1013;21;4
1013;20;5
1013;19;6
1013;4;7
1013;18;8
1013;17;9
1013;22;10
1022;8;1
1022;28;2
1022;29;3
1022;21;4
1022;30;5
1022;31;6
1022;32;7
1022;33;8
1022;40;9
1022;39;10
1029;8;1
1029;28;2
1029;29;3
1029;21;4
1029;40;5
1029;39;6
1029;11;7
1029;10;8
1029;12;9
1029;13;10
1029;14;11
1029;15;12
1033;8;1
1033;28;2
1033;29;3
1033;21;4
1033;40;5
1033;39;6
1033;11;7
1033;12;8
1033;13;9
1033;14;10
1033;38;11
1033;37;12
1033;36;13
1033;35;14
1035;8;1
1035;28;2
1035;29;3
1035;21;4
1035;40;5
1035;39;6
1035;11;7
1035;38;8
1035;37;9
1035;36;10
1035;41;11
1035;42;12
1041;9;1
1041;8;2
1041;7;3
1041;6;4
1041;5;5
1041;4;6
1041;3;7
1044;9;1
1044;8;2
1044;7;3
1044;6;4
1044;5;5
1044;4;6
1044;3;7
1044;2;8
1044;18;9
1049;9;1
1049;8;2
1049;7;3
1049;6;4
1049;5;5
1049;4;6
1049;18;7
1049;17;8
1049;19;9
1049;20;10
1049;21;11
1070;9;1
1070;8;2
1070;7;3
1070;6;4
1070;5;5
1070;4;6
1070;19;7
1070;20;8
1070;21;9
1070;40;10
1070;39;11
1070;11;12
1070;12;13
1070;13;14
1070;14;15
1070;38;16
1070;37;17
1070;36;18
1081;9;1
1081;8;2
1081;27;3
1081;26;4
1081;28;5
1081;29;6
1081;21;7
1081;20;8
1081;19;9
1088;9;1
1088;8;2
1088;28;3
1088;29;4
1088;21;5
1088;20;6
1088;19;7
1088;4;8
1088;3;9
1088;2;10
1088;5;11
1088;6;12
1088;7;13
1091;9;1
1091;8;2
1091;28;3
1091;29;4
1091;21;5
1091;20;6
1091;19;7
1091;4;8
1091;5;9
1091;6;10
1091;18;11
1091;17;12
1091;16;13
1095;9;1
1095;8;2
1095;28;3
1095;29;4
1095;21;5
1095;22;6
1095;23;7
1095;30;8
1110;9;1
1110;8;2
1110;28;3
1110;29;4
1110;21;5
1110;40;6
1110;39;7
1110;11;8
1110;12;9
1110;13;10
1110;14;11
1110;38;12
1110;37;13
1110;36;14
1112;9;1
1112;8;2
1112;28;3
1112;29;4
1112;21;5
1112;40;6
1112;39;7
1112;11;8
1112;38;9
1112;37;10
1112;36;11
1112;41;12
1113;9;1
1113;8;2
1113;28;3
1113;29;4
1113;21;5
1113;40;6
1113;39;7
1113;11;8
1113;38;9
1113;37;10
1113;36;11
1113;41;12
1113;42;13
1125;9;1
1125;10;2
1125;11;3
1125;38;4
1125;37;5
1125;36;6
1125;39;7
1125;40;8
1126;9;1
1126;10;2
1126;11;3
1126;38;4
1126;37;5
1126;36;6
1126;39;7
1126;40;8
1126;21;9
1128;9;1
1128;10;2
1128;11;3
1128;38;4
1128;37;5
1128;36;6
1128;39;7
1128;40;8
1128;21;9
1128;20;10
1128;19;11
1158;9;1
1158;10;2
1158;11;3
1158;39;4
1158;40;5
1158;21;6
1158;29;7
1158;28;8
1158;8;9
1158;7;10
1158;6;11
1158;5;12
1158;4;13
1158;3;14
1158;2;15
1158;18;16
1184;10;1
1184;9;2
1184;8;3
1184;7;4
1184;6;5
1184;5;6
1184;4;7
1184;3;8
1184;2;9
1184;18;10
1184;17;11
1184;16;12
1191;10;1
1191;9;2
1191;8;3
1191;7;4
1191;6;5
1191;5;6
1191;4;7
1191;19;8
1191;20;9
1191;21;10
1191;22;11
1191;23;12
1191;29;13
1199;10;1
1199;9;2
1199;8;3
1199;7;4
1199;6;5
1199;5;6
1199;4;7
1199;19;8
1199;20;9
1199;21;10
1199;30;11
1199;31;12
1199;32;13
1199;33;14
1199;40;15
1199;39;16
1205;10;1
1205;9;2
1205;8;3
1205;7;4
1205;6;5
1205;5;6
1205;4;7
1205;19;8
1205;20;9
1205;21;10
1205;40;11
1205;39;12
1205;11;13
1205;12;14
1205;13;15
1205;14;16
1205;38;17
1207;10;1
1207;9;2
1207;8;3
1207;7;4
1207;6;5
1207;5;6
1207;4;7
1207;19;8
1207;20;9
1207;21;10
1207;40;11
1207;39;12
1207;11;13
1207;12;14
1207;13;15
1207;14;16
1207;38;17
1207;37;18
1207;36;19
1212;10;1
1212;9;2
1212;8;3
1212;7;4
1212;6;5
1212;5;6
1212;4;7
1212;19;8
1212;20;9
1212;21;10
1212;41;11
1212;27;12
1212;26;13
1213;10;1
1213;9;2
1213;8;3
1213;7;4
1213;6;5
1213;5;6
1213;4;7
1213;19;8
1213;20;9
1213;21;10
1213;41;11
1213;27;12
1213;26;13
1213;25;14
1220;10;1
1220;9;2
1220;8;3
1220;27;4
1220;26;5
1220;28;6
1220;29;7
1220;21;8
1220;20;9
1220;19;10
1220;4;11
1220;3;12
1241;10;1
1241;9;2
1241;8;3
1241;28;4
1241;29;5
1241;21;6
1241;30;7
1241;31;8
1241;32;9
1241;33;10
1241;40;11
1241;39;12
1241;11;13
1241;12;14
1241;13;15
1251;10;1
1251;9;2
1251;8;3
1251;28;4
1251;29;5
1251;21;6
1251;41;7
1251;11;8
1251;12;9
1266;10;1
1266;11;2
1266;38;3
1266;37;4
1266;36;5
1266;39;6
1266;40;7
1266;21;8
1266;20;9
1266;19;10
1266;4;11
1266;3;12
1266;2;13
1278;10;1
1278;11;2
1278;39;3
1278;40;4
1278;21;5
1278;20;6
1278;19;7
1278;4;8
1278;5;9
1278;6;10
1278;7;11
1278;8;12
1278;28;13
1278;18;14
1280;10;1
1280;11;2
1280;39;3
1280;40;4
1280;21;5
1280;20;6
1280;19;7
1280;4;8
1280;5;9
1280;6;10
1280;7;11
1280;8;12
1280;28;13
1280;18;14
1280;17;15
1280;16;16
1284;10;1
1284;11;2
1284;39;3
1284;40;4
1284;21;5
1284;22;6
1284;23;7
1284;29;8
1290;10;1
1290;11;2
1290;39;3
1290;40;4
1290;21;5
1290;22;6
1290;23;7
1290;29;8
1290;28;9
1290;8;10
1290;7;11
1290;6;12
1290;5;13
1290;4;14
1317;11;1
1317;10;2
1317;9;3
1317;8;4
1317;7;5
1317;6;6
1317;5;7
1317;4;8
1317;3;9
1364;11;1
1364;10;2
1364;9;3
1364;8;4
1364;28;5
1364;29;6
1364;21;7
1364;22;8
1364;23;9
1364;30;10
1364;31;11
1364;32;12
1364;33;13
1370;11;1
1370;10;2
1370;9;3
1370;8;4
1370;28;5
1370;29;6
1370;21;7
1370;41;8
1370;12;9
1380;11;1
1380;38;2
1380;37;3
1380;36;4
1380;39;5
1380;40;6
1380;21;7
1393;11;1
1393;39;2
1393;40;3
1393;21;4
1393;20;5
1393;19;6
1393;4;7
1393;5;8
1393;6;9
1393;7;10
1393;8;11
1393;9;12
1393;27;13
1402;11;1
1402;39;2
1402;40;3
1402;21;4
1402;20;5
1402;19;6
1402;4;7
1402;18;8
1402;17;9
1402;22;10
1402;23;11
1407;11;1
1407;39;2
1407;40;3
1407;21;4
1407;22;5
1407;23;6
1407;29;7
1407;28;8
1407;8;9
1407;7;10
1410;11;1
1410;39;2
1410;40;3
1410;21;4
1410;22;5
1410;23;6
1410;29;7
1410;28;8
1410;8;9
1410;7;10
1410;6;11
1410;5;12
1410;4;13
1412;11;1
1412;39;2
1412;40;3
1412;21;4
1412;22;5
1412;23;6
1412;29;7
1412;28;8
1412;8;9
1412;7;10
1412;6;11
1412;5;12
1412;4;13
1412;3;14
1412;2;15
1418;11;1
1418;39;2
1418;40;3
1418;21;4
1418;29;5
1418;28;6
1418;8;7
1418;7;8
1418;6;9
1418;5;10
1418;4;11
1418;18;12
1418;17;13
1418;19;14
1418;20;15
1432;12;1
1432;11;2
1432;10;3
1448;12;1
1448;11;2
1448;10;3
1448;9;4
1448;8;5
1448;7;6
1448;6;7
1448;5;8
1448;4;9
1448;18;10
1448;17;11
1448;19;12
1448;20;13
1448;21;14
1448;22;15
1451;12;1
1451;11;2
1451;10;3
1451;9;4
1451;8;5
1451;7;6
1451;6;7
1451;5;8
1451;4;9
1451;19;10
1451;20;11
1451;21;12
1451;22;13
1451;23;14
1451;29;15
1463;12;1
1463;11;2
1463;10;3
1463;9;4
1463;8;5
1463;7;6
1463;6;7
1463;5;8
1463;4;9
1463;19;10
1463;20;11
1463;21;12
1463;41;13
1463;27;14
1463;26;15
1464;12;1
1464;11;2
1464;10;3
1464;9;4
1464;8;5
1464;7;6
1464;6;7
1464;5;8
1464;4;9
1464;19;10
1464;20;11
1464;21;12
1464;41;13
1464;27;14
1464;26;15
1464;25;16
1487;12;1
1487;11;2
1487;10;3
1487;9;4
1487;8;5
1487;28;6
1487;29;7
1487;21;8
1487;22;9
1487;23;10
1487;30;11
1487;31;12
1487;32;13
1487;33;14
1487;34;15
1488;12;1
1488;11;2
1488;10;3
1488;9;4
1488;8;5
1488;28;6
1488;29;7
1488;21;8
1488;30;9
1488;31;10
1488;32;11
1488;33;12
1488;40;13
1494;12;1
1494;11;2
1494;10;3
1494;9;4
1494;8;5
1494;28;6
1494;29;7
1494;21;8
1494;41;9
1494;38;10
1494;37;11
1494;36;12
1506;12;1
1506;11;2
1506;39;3
1506;40;4
1506;21;5
1506;20;6
1506;19;7
1506;4;8
1506;3;9
1506;2;10
1506;5;11
1506;6;12
1508;12;1
1508;11;2
1508;39;3
1508;40;4
1508;21;5
1508;20;6
1508;19;7
1508;4;8
1508;3;9
1508;2;10
1508;5;11
1508;6;12
1508;7;13
1508;8;14
1515;12;1
1515;11;2
1515;39;3
1515;40;4
1515;21;5
1515;20;6
1515;19;7
1515;4;8
1515;5;9
1515;6;10
1515;7;11
1515;8;12
1515;27;13
1515;26;14
1515;28;15
1515;29;16
1522;12;1
1522;11;2
1522;39;3
1522;40;4
1522;21;5
1522;22;6
1522;23;7
1522;29;8
1535;12;1
1535;11;2
1535;39;3
1535;40;4
1535;21;5
1535;29;6
1535;28;7
1535;8;8
1535;7;9
1535;6;10
1535;5;11
1535;4;12
1535;18;13
1535;17;14
1535;19;15
1536;12;1
1536;11;2
1536;39;3
1536;40;4
1536;21;5
1536;29;6
1536;28;7
1536;8;8
1536;7;9
1536;6;10
1536;5;11
1536;4;12
1536;18;13
1536;17;14
1536;19;15
1536;20;16
1546;12;1
1546;11;2
1546;39;3
1546;40;4
1546;21;5
1546;29;6
1546;28;7
1546;8;8
1546;27;9
1546;26;10
1546;30;11
1546;31;12
1546;32;13
1546;33;14
1546;34;15
1547;12;1
1547;11;2
1547;39;3
1547;40;4
1547;21;5
1547;30;6
1547;31;7
1547;32;8
1547;33;9
1547;41;10
1552;13;1
1552;12;2
1556;13;1
1556;12;2
1556;11;3
1556;10;4
1556;9;5
1556;8;6
1562;13;1
1562;12;2
1562;11;3
1562;10;4
1562;9;5
1562;8;6
1562;7;7
1562;6;8
1562;5;9
1562;4;10
1562;3;11
1562;2;12
1569;13;1
1569;12;2
1569;11;3
1569;10;4
1569;9;5
1569;8;6
1569;7;7
1569;6;8
1569;5;9
1569;4;10
1569;18;11
1569;17;12
1569;19;13
1569;20;14
1569;21;15
1578;13;1
1578;12;2
1578;11;3
1578;10;4
1578;9;5
1578;8;6
1578;7;7
1578;6;8
1578;5;9
1578;4;10
1578;19;11
1578;20;12
1578;21;13
1578;29;14
1578;30;15
1578;31;16
1578;32;17
1578;33;18
1630;13;1
1630;12;2
1630;11;3
1630;39;4
1630;40;5
1630;21;6
1630;20;7
1630;19;8
1630;4;9
1630;3;10
1630;2;11
1630;5;12
1630;6;13
1630;7;14
1630;8;15
1646;13;1
1646;12;2
1646;11;3
1646;39;4
1646;40;5
1646;21;6
1646;22;7
1646;23;8
1646;29;9
1646;28;10
1646;8;11
1666;13;1
1666;12;2
1666;11;3
1666;39;4
1666;40;5
1666;21;6
1666;29;7
1666;28;8
1666;8;9
1666;27;10
1666;26;11
1666;30;12
1666;31;13
1666;32;14
1669;13;1
1669;12;2
1669;11;3
1669;39;4
1669;40;5
1669;21;6
1669;30;7
1669;31;8
1669;32;9
1669;33;10
1669;41;11
1670;13;1
1670;12;2
1670;11;3
1670;39;4
1670;40;5
1670;21;6
1670;30;7
1670;31;8
1670;32;9
1670;33;10
1670;41;11
1670;42;12
1676;14;1
1676;13;2
1676;12;3
1676;11;4
1676;10;5
1677;14;1
1677;13;2
1677;12;3
1677;11;4
1677;10;5
1677;9;6
1690;14;1
1690;13;2
1690;12;3
1690;11;4
1690;10;5
1690;9;6
1690;8;7
1690;7;8
1690;6;9
1690;5;10
1690;4;11
1690;18;12
1690;17;13
1690;19;14
1690;20;15
1697;14;1
1697;13;2
1697;12;3
1697;11;4
1697;10;5
1697;9;6
1697;8;7
1697;7;8
1697;6;9
1697;5;10
1697;4;11
1697;19;12
1697;20;13
1697;21;14
1697;29;15
1697;30;16
1704;14;1
1704;13;2
1704;12;3
1704;11;4
1704;10;5
1704;9;6
1704;8;7
1704;7;8
1704;6;9
1704;5;10
1704;4;11
1704;19;12
1704;20;13
1704;21;14
1704;40;15
1704;41;16
1707;14;1
1707;13;2
1707;12;3
1707;11;4
1707;10;5
1707;9;6
1707;8;7
1707;7;8
1707;6;9
1707;5;10
1707;4;11
1707;19;12
1707;20;13
1707;21;14
1707;41;15
1707;27;16
1707;26;17
1713;14;1
1713;13;2
1713;12;3
1713;11;4
1713;10;5
1713;9;6
1713;8;7
1713;27;8
1713;26;9
1713;28;10
1713;29;11
1713;21;12
1713;20;13
1713;19;14
1746;14;1
1746;13;2
1746;12;3
1746;11;4
1746;38;5
1746;37;6
1746;36;7
1746;39;8
1746;40;9
1746;21;10
1746;20;11
1746;19;12
1746;4;13
1746;3;14
1757;14;1
1757;13;2
1757;12;3
1757;11;4
1757;39;5
1757;40;6
1757;21;7
1757;20;8
1757;19;9
1757;4;10
1757;5;11
1757;6;12
1757;7;13
1757;8;14
1757;9;15
1757;27;16
1757;26;17
1757;25;18
1758;14;1
1758;13;2
1758;12;3
1758;11;4
1758;39;5
1758;40;6
1758;21;7
1758;20;8
1758;19;9
1758;4;10
1758;5;11
1758;6;12
1758;7;13
1758;8;14
1758;27;15
1758;26;16
1758;28;17
1765;14;1
1765;13;2
1765;12;3
1765;11;4
1765;39;5
1765;40;6
1765;21;7
1765;20;8
1765;19;9
1765;4;10
1765;18;11
1765;17;12
1765;22;13
1765;23;14
1765;24;15
1774;14;1
1774;13;2
1774;12;3
1774;11;4
1774;39;5
1774;40;6
1774;21;7
1774;22;8
1774;23;9
1774;29;10
1774;28;11
1774;8;12
1774;7;13
1774;6;14
1774;5;15
1774;4;16
1774;3;17
1774;2;18
1780;14;1
1780;13;2
1780;12;3
1780;11;4
1780;39;5
1780;40;6
1780;21;7
1780;29;8
1780;28;9
1780;8;10
1780;7;11
1780;6;12
1780;5;13
1780;4;14
1780;18;15
1780;17;16
1780;19;17
1780;20;18
1781;14;1
1781;13;2
1781;12;3
1781;11;4
1781;39;5
1781;40;6
1781;21;7
1781;29;8
1781;28;9
1781;8;10
1781;7;11
1781;6;12
1781;5;13
1781;4;14
1781;19;15
1781;9;16
1784;14;1
1784;13;2
1784;12;3
1784;11;4
1784;39;5
1784;40;6
1784;21;7
1784;29;8
1784;28;9
1784;8;10
1784;9;11
1784;27;12
1784;26;13
1793;14;1
1793;13;2
1793;12;3
1793;11;4
1793;39;5
1793;40;6
1793;21;7
1793;41;8
1793;15;9
1795;15;1
1795;14;2
1795;13;3
1815;15;1
1815;14;2
1815;13;3
1815;12;4
1815;11;5
1815;10;6
1815;9;7
1815;8;8
1815;7;9
1815;6;10
1815;5;11
1815;4;12
1815;18;13
1815;17;14
1815;19;15
1815;20;16
1815;21;17
1815;22;18
1815;23;19
1817;15;1
1817;14;2
1817;13;3
1817;12;4
1817;11;5
1817;10;6
1817;9;7
1817;8;8
1817;7;9
1817;6;10
1817;5;11
1817;4;12
1817;19;13
1817;20;14
1817;21;15
1817;22;16
1817;23;17
1817;29;18
1824;15;1
1824;14;2
1824;13;3
1824;12;4
1824;11;5
1824;10;6
1824;9;7
1824;8;8
1824;7;9
1824;6;10
1824;5;11
1824;4;12
1824;19;13
1824;20;14
1824;21;15
1824;30;16
1824;31;17
1824;32;18
1824;33;19
1824;40;20
1830;15;1
1830;14;2
1830;13;3
1830;12;4
1830;11;5
1830;10;6
1830;9;7
1830;8;8
1830;7;9
1830;6;10
1830;5;11
1830;4;12
1830;19;13
1830;20;14
1830;21;15
1830;41;16
1830;27;17
1830;26;18
1830;25;19
1840;15;1
1840;14;2
1840;13;3
1840;12;4
1840;11;5
1840;10;6
1840;9;7
1840;8;8
1840;28;9
1840;29;10
1840;21;11
1840;20;12
1840;19;13
1840;4;14
1840;3;15
1840;2;16
1840;5;17
1842;15;1
1842;14;2
1842;13;3
1842;12;4
1842;11;5
1842;10;6
1842;9;7
1842;8;8
1842;28;9
1842;29;10
1842;21;11
1842;20;12
1842;19;13
1842;4;14
1842;3;15
1842;2;16
1842;5;17
1842;6;18
1842;7;19
1843;15;1
1843;14;2
1843;13;3
1843;12;4
1843;11;5
1843;10;6
1843;9;7
1843;8;8
1843;28;9
1843;29;10
1843;21;11
1843;20;12
1843;19;13
1843;4;14
1843;5;15
1843;6;16
1843;18;17
1844;15;1
1844;14;2
1844;13;3
1844;12;4
1844;11;5
1844;10;6
1844;9;7
1844;8;8
1844;28;9
1844;29;10
1844;21;11
1844;20;12
1844;19;13
1844;4;14
1844;5;15
1844;6;16
1844;18;17
1844;17;18
1846;15;1
1846;14;2
1846;13;3
1846;12;4
1846;11;5
1846;10;6
1846;9;7
1846;8;8
1846;28;9
1846;29;10
1846;21;11
1846;20;12
1846;19;13
1846;4;14
1846;18;15
1846;17;16
1846;22;17
1858;15;1
1858;14;2
1858;13;3
1858;12;4
1858;11;5
1858;10;6
1858;9;7
1858;8;8
1858;28;9
1858;29;10
1858;21;11
1858;41;12
1858;38;13
1871;15;1
1871;14;2
1871;13;3
1871;12;4
1871;11;5
1871;39;6
1871;40;7
1871;21;8
1871;20;9
1871;19;10
1871;4;11
1871;3;12
1871;2;13
1871;5;14
1896;15;1
1896;14;2
1896;13;3
1896;12;4
1896;11;5
1896;39;6
1896;40;7
1896;21;8
1896;22;9
1896;23;10
1896;29;11
1896;28;12
1896;8;13
1896;7;14
1896;6;15
1896;5;16
1896;4;17
1896;3;18
1896;2;19
1902;15;1
1902;14;2
1902;13;3
1902;12;4
1902;11;5
1902;39;6
1902;40;7
1902;21;8
1902;29;9
1902;28;10
1902;8;11
1902;7;12
1902;6;13
1902;5;14
1902;4;15
1902;18;16
1902;17;17
1902;19;18
1902;20;19
1906;15;1
1906;14;2
1906;13;3
1906;12;4
1906;11;5
1906;39;6
1906;40;7
1906;21;8
1906;29;9
1906;28;10
1906;8;11
1906;9;12
1906;27;13
1906;26;14
1926;16;1
1926;17;2
1926;18;3
1926;4;4
1926;3;5
1926;2;6
1926;5;7
1926;6;8
1926;7;9
1926;8;10
1926;9;11
1926;10;12
1930;16;1
1930;17;2
1930;18;3
1930;4;4
1930;3;5
1930;2;6
1930;5;7
1930;6;8
1930;7;9
1930;8;10
1930;9;11
1930;10;12
1930;11;13
1930;12;14
1930;13;15
1930;14;16
1940;16;1
1940;17;2
1940;18;3
1940;4;4
1940;5;5
1940;6;6
1940;7;7
1940;8;8
1940;9;9
1940;10;10
1940;11;11
1940;38;12
1940;37;13
1940;36;14
1940;39;15
1940;40;16
1940;21;17
1940;20;18
1940;19;19
1953;16;1
1953;17;2
1953;18;3
1953;4;4
1953;5;5
1953;6;6
1953;7;7
1953;8;8
1953;9;9
1953;10;10
1953;11;11
1953;39;12
1953;40;13
1953;21;14
1953;41;15
1953;27;16
1961;16;1
1961;17;2
1961;18;3
1961;4;4
1961;5;5
1961;6;6
1961;7;7
1961;8;8
1961;28;9
1961;29;10
1961;21;11
1961;20;12
1961;22;13
1975;16;1
1975;17;2
1975;18;3
1975;4;4
1975;5;5
1975;6;6
1975;7;7
1975;8;8
1975;28;9
1975;29;10
1975;21;11
1975;40;12
1975;39;13
1975;11;14
1975;10;15
1975;12;16
1975;13;17
2046;17;1
2046;18;2
2046;4;3
2046;5;4
2046;6;5
2046;7;6
2046;8;7
2046;28;8
2046;29;9
2046;21;10
2046;40;11
2046;39;12
2046;11;13
2046;10;14
2046;12;15
2046;13;16
2048;17;1
2048;18;2
2048;4;3
2048;5;4
2048;6;5
2048;7;6
2048;8;7
2048;28;8
2048;29;9
2048;21;10
2048;40;11
2048;39;12
2048;11;13
2048;10;14
2048;12;15
2048;13;16
2048;14;17
2048;15;18
2052;17;1
2052;18;2
2052;4;3
2052;5;4
2052;6;5
2052;7;6
2052;8;7
2052;28;8
2052;29;9
2052;21;10
2052;40;11
2052;39;12
2052;11;13
2052;12;14
2052;13;15
2052;14;16
2052;38;17
2052;37;18
2052;36;19
2052;35;20
2062;18;1
2062;4;2
2062;3;3
2062;2;4
2062;5;5
2062;6;6
2064;18;1
2064;4;2
2064;3;3
2064;2;4
2064;5;5
2064;6;6
2064;7;7
2064;8;8
2068;18;1
2068;4;2
2068;3;3
2068;2;4
2068;5;5
2068;6;6
2068;7;7
2068;8;8
2068;9;9
2068;10;10
2068;11;11
2068;12;12
2071;18;1
2071;4;2
2071;3;3
2071;2;4
2071;5;5
2071;6;6
2071;7;7
2071;8;8
2071;9;9
2071;10;10
2071;11;11
2071;12;12
2071;13;13
2071;14;14
2071;15;15
2074;18;1
2074;4;2
2074;5;3
2074;6;4
2074;7;5
2074;8;6
2074;9;7
2074;10;8
2074;11;9
2074;12;10
2074;13;11
2074;14;12
2074;38;13
2074;37;14
2074;36;15
2080;18;1
2080;4;2
2080;5;3
2080;6;4
2080;7;5
2080;8;6
2080;9;7
2080;10;8
2080;11;9
2080;38;10
2080;37;11
2080;36;12
2080;39;13
2080;40;14
2080;21;15
2080;20;16
2080;19;17
2098;18;1
2098;4;2
2098;5;3
2098;6;4
2098;7;5
2098;8;6
2098;27;7
2098;26;8
2098;28;9
2098;29;10
2098;21;11
2101;18;1
2101;4;2
2101;5;3
2101;6;4
2101;7;5
2101;8;6
2101;28;7
2101;29;8
2101;21;9
2101;20;10
2101;22;11
2102;18;1
2102;4;2
2102;5;3
2102;6;4
2102;7;5
2102;8;6
2102;28;7
2102;29;8
2102;21;9
2102;20;10
2102;22;11
2102;23;12
2106;18;1
2106;4;2
2106;5;3
2106;6;4
2106;7;5
2106;8;6
2106;28;7
2106;29;8
2106;21;9
2106;22;10
2106;23;11
2106;30;12
2106;31;13
2106;32;14
2107;18;1
2107;4;2
2107;5;3
2107;6;4
2107;7;5
2107;8;6
2107;28;7
2107;29;8
2107;21;9
2107;22;10
2107;23;11
2107;30;12
2107;31;13
2107;32;14
2107;33;15
2144;19;1
2144;4;2
2144;5;3
2144;6;4
2144;7;5
2144;8;6
2144;9;7
2144;10;8
2144;11;9
2144;12;10
2144;13;11
2144;14;12
2144;38;13
2144;37;14
2162;19;1
2162;4;2
2162;5;3
2162;6;4
2162;7;5
2162;8;6
2162;9;7
2162;10;8
2162;11;9
2162;39;10
2162;40;11
2162;21;12
2162;30;13
2162;31;14
2162;32;15
2162;33;16
2162;41;17
2162;42;18
2164;19;1
2164;4;2
2164;5;3
2164;6;4
2164;7;5
2164;8;6
2164;9;7
2164;10;8
2164;11;9
2164;39;10
2164;40;11
2164;21;12
2164;41;13
2164;27;14
2164;26;15
2175;19;1
2175;4;2
2175;5;3
2175;6;4
2175;7;5
2175;8;6
2175;28;7
2175;29;8
2175;21;9
2175;22;10
2175;23;11
2175;30;12
2175;31;13
2175;32;14
2185;19;1
2185;4;2
2185;5;3
2185;6;4
2185;7;5
2185;8;6
2185;28;7
2185;29;8
2185;21;9
2185;40;10
2185;39;11
2185;11;12
2185;10;13
2185;12;14
2185;13;15
2185;14;16
2186;19;1
2186;4;2
2186;5;3
2186;6;4
2186;7;5
2186;8;6
2186;28;7
2186;29;8
2186;21;9
2186;40;10
2186;39;11
2186;11;12
2186;10;13
2186;12;14
2186;13;15
2186;14;16
2186;15;17
2190;19;1
2190;4;2
2190;5;3
2190;6;4
2190;7;5
2190;8;6
2190;28;7
2190;29;8
2190;21;9
2190;40;10
2190;39;11
2190;11;12
2190;12;13
2190;13;14
2190;14;15
2190;38;16
2190;37;17
2190;36;18
2190;35;19
2195;19;1
2195;4;2
2195;5;3
2195;6;4
2195;7;5
2195;8;6
2195;28;7
2195;29;8
2195;21;9
2195;41;10
2195;18;11
2195;17;12
2195;16;13
2201;19;1
2201;20;2
2201;21;3
2201;22;4
2201;23;5
2201;29;6
2205;19;1
2205;20;2
2205;21;3
2205;22;4
2205;23;5
2205;29;6
2205;28;7
2205;8;8
2205;7;9
2205;6;10
2206;19;1
2206;20;2
2206;21;3
2206;22;4
2206;23;5
2206;29;6
2206;28;7
2206;8;8
2206;7;9
2206;6;10
2206;5;11
2208;19;1
2208;20;2
2208;21;3
2208;22;4
2208;23;5
2208;29;6
2208;28;7
2208;8;8
2208;7;9
2208;6;10
2208;5;11
2208;4;12
2208;3;13
2223;19;1
2223;20;2
2223;21;3
2223;29;4
2223;28;5
2223;8;6
2223;9;7
2223;10;8
2223;11;9
2223;12;10
2223;13;11
2223;14;12
2223;38;13
2223;37;14
2223;36;15
2227;19;1
2227;20;2
2227;21;3
2227;29;4
2227;28;5
2227;8;6
2227;9;7
2227;10;8
2227;11;9
2227;39;10
2227;27;11
2259;19;1
2259;20;2
2259;21;3
2259;40;4
2259;39;5
2259;11;6
2259;10;7
2259;9;8
2259;8;9
2259;28;10
2259;12;11
2259;13;12
2259;14;13
2259;15;14
2274;20;1
2274;19;2
2274;4;3
2274;3;4
2274;2;5
2274;5;6
2274;6;7
2274;7;8
2274;8;9
2280;20;1
2280;19;2
2280;4;3
2280;3;4
2280;2;5
2280;5;6
2280;6;7
2280;7;8
2280;8;9
2280;9;10
2280;10;11
2280;11;12
2280;12;13
2280;13;14
2280;14;15
2299;20;1
2299;19;2
2299;4;3
2299;5;4
2299;6;5
2299;7;6
2299;8;7
2299;9;8
2299;10;9
2299;11;10
2299;39;11
2299;40;12
2299;21;13
2299;30;14
2299;31;15
2299;32;16
2299;33;17
2299;41;18
2308;20;1
2308;19;2
2308;4;3
2308;5;4
2308;6;5
2308;7;6
2308;8;7
2308;27;8
2308;26;9
2308;28;10
2308;29;11
2308;21;12
2308;22;13
2308;23;14
2316;20;1
2316;19;2
2316;4;3
2316;5;4
2316;6;5
2316;7;6
2316;8;7
2316;28;8
2316;29;9
2316;21;10
2316;30;11
2316;31;12
2316;32;13
2316;33;14
2316;40;15
2316;39;16
2322;20;1
2322;19;2
2322;4;3
2322;5;4
2322;6;5
2322;7;6
2322;8;7
2322;28;8
2322;29;9
2322;21;10
2322;40;11
2322;39;12
2322;11;13
2322;10;14
2322;12;15
2322;13;16
2322;14;17
2346;20;1
2346;21;2
2346;22;3
2346;23;4
2346;29;5
2346;28;6
2346;8;7
2346;7;8
2346;6;9
2346;5;10
2346;4;11
2346;3;12
2346;2;13
2346;1;14
2347;20;1
2347;21;2
2347;29;3
2347;28;4
2347;8;5
2347;7;6
2347;6;7
2347;5;8
2347;4;9
2347;3;10
2347;2;11
2347;18;12
2361;20;1
2361;21;2
2361;29;3
2361;28;4
2361;8;5
2361;9;6
2361;10;7
2361;11;8
2361;12;9
2361;13;10
2361;14;11
2361;38;12
2361;37;13
2361;36;14
2361;35;15
2376;20;1
2376;21;2
2376;30;3
2376;31;4
2376;32;5
2376;33;6
2376;40;7
2376;39;8
2376;11;9
2376;10;10
2376;9;11
2401;20;1
2401;21;2
2401;40;3
2401;39;4
2401;11;5
2401;12;6
2401;13;7
2401;14;8
2401;38;9
2401;37;10
2401;36;11
2401;35;12
2409;21;1
2409;20;2
2409;19;3
2409;4;4
2409;3;5
2409;2;6
2409;1;7
2419;21;1
2419;20;2
2419;19;3
2419;4;4
2419;3;5
2419;2;6
2419;5;7
2419;6;8
2419;7;9
2419;8;10
2419;9;11
2419;10;12
2419;11;13
2419;12;14
2419;13;15
2419;14;16
2426;21;1
2426;20;2
2426;19;3
2426;4;4
2426;5;5
2426;6;6
2426;7;7
2426;8;8
2426;9;9
2426;10;10
2426;11;11
2426;38;12
2426;37;13
2426;36;14
2426;39;15
2426;40;16
2429;21;1
2429;20;2
2429;19;3
2429;4;4
2429;5;5
2429;6;6
2429;7;7
2429;8;8
2429;9;9
2429;10;10
2429;11;11
2429;39;12
2429;27;13
2429;26;14
2429;25;15
2435;21;1
2435;20;2
2435;19;3
2435;4;4
2435;18;5
2435;17;6
2435;22;7
2440;21;1
2440;22;2
2440;23;3
2440;29;4
2440;28;5
2440;8;6
2448;21;1
2448;29;2
2448;28;3
2448;8;4
2448;7;5
2448;6;6
2448;5;7
2448;4;8
2448;3;9
2448;2;10
2448;18;11
2450;21;1
2450;29;2
2450;28;3
2450;8;4
2450;7;5
2450;6;6
2450;5;7
2450;4;8
2450;3;9
2450;2;10
2450;18;11
2450;17;12
2450;16;13
2481;21;1
2481;30;2
2481;31;3
2481;32;4
2481;33;5
2481;40;6
2481;39;7
2481;11;8
2481;10;9
2481;9;10
2481;8;11
2481;7;12
2481;6;13
2504;21;1
2504;40;2
2504;39;3
2504;11;4
2504;12;5
2504;13;6
2504;14;7
2504;38;8
2504;37;9
2504;36;10
2504;35;11
2517;22;1
2517;21;2
2517;20;3
2517;19;4
2517;4;5
2517;3;6
2517;2;7
2517;5;8
2517;6;9
2517;7;10
2517;8;11
2519;22;1
2519;21;2
2519;20;3
2519;19;4
2519;4;5
2519;3;6
2519;2;7
2519;5;8
2519;6;9
2519;7;10
2519;8;11
2519;9;12
2519;10;13
2539;22;1
2539;21;2
2539;20;3
2539;19;4
2539;4;5
2539;18;6
2539;17;7
2539;29;8
2542;22;1
2542;21;2
2542;20;3
2542;19;4
2542;4;5
2542;18;6
2542;17;7
2542;29;8
2542;28;9
2542;8;10
2542;7;11
2543;22;1
2543;21;2
2543;20;3
2543;19;4
2543;4;5
2543;18;6
2543;17;7
2543;29;8
2543;28;9
2543;8;10
2543;7;11
2543;6;12
2557;22;1
2557;21;2
2557;29;3
2557;28;4
2557;8;5
2557;9;6
2557;10;7
2557;11;8
2557;38;9
2557;37;10
2557;36;11
2557;39;12
2557;40;13
2569;22;1
2569;21;2
2569;30;3
2569;31;4
2569;32;5
2569;33;6
2569;40;7
2569;39;8
2569;11;9
2569;10;10
2571;22;1
2571;21;2
2571;30;3
2571;31;4
2571;32;5
2571;33;6
2571;40;7
2571;39;8
2571;11;9
2571;10;10
2571;9;11
2571;8;12
2610;23;1
2610;22;2
2610;21;3
2610;20;4
2610;19;5
2610;4;6
2610;3;7
2610;2;8
2610;5;9
2610;6;10
2641;23;1
2641;22;2
2641;21;3
2641;29;4
2641;28;5
2641;8;6
2641;7;7
2641;6;8
2641;9;9
2641;10;10
2655;23;1
2655;22;2
2655;21;3
2655;29;4
2655;28;5
2655;8;6
2655;9;7
2655;10;8
2655;11;9
2655;39;10
2655;27;11
2655;26;12
2655;25;13
2656;23;1
2656;22;2
2656;21;3
2656;29;4
2656;28;5
2656;8;6
2656;27;7
2656;26;8
2656;30;9
2659;23;1
2659;22;2
2659;21;3
2659;29;4
2659;28;5
2659;8;6
2659;27;7
2659;26;8
2659;30;9
2659;31;10
2659;32;11
2659;33;12
2660;23;1
2660;22;2
2660;21;3
2660;29;4
2660;28;5
2660;8;6
2660;27;7
2660;26;8
2660;30;9
2660;31;10
2660;32;11
2660;33;12
2660;34;13
2661;23;1
2661;22;2
2661;21;3
2661;30;4
2661;31;5
2661;32;6
2661;33;7
2661;40;8
2666;23;1
2666;22;2
2666;21;3
2666;30;4
2666;31;5
2666;32;6
2666;33;7
2666;40;8
2666;39;9
2666;11;10
2666;10;11
2666;9;12
2666;8;13
2694;23;1
2694;22;2
2694;21;3
2694;41;4
2694;24;5
2695;24;1
2695;23;2
2702;24;1
2702;23;2
2702;22;3
2702;21;4
2702;20;5
2702;19;6
2702;4;7
2702;3;8
2702;2;9
2712;24;1
2712;23;2
2712;22;3
2712;21;4
2712;20;5
2712;19;6
2712;4;7
2712;3;8
2712;2;9
2712;5;10
2712;6;11
2712;7;12
2712;8;13
2712;9;14
2712;10;15
2712;11;16
2712;12;17
2712;13;18
2717;24;1
2717;23;2
2717;22;3
2717;21;4
2717;20;5
2717;19;6
2717;4;7
2717;5;8
2717;6;9
2717;7;10
2717;8;11
2717;9;12
2717;10;13
2717;11;14
2717;12;15
2717;13;16
2717;14;17
2717;38;18
2717;37;19
2717;36;20
2720;24;1
2720;23;2
2720;22;3
2720;21;4
2720;20;5
2720;19;6
2720;4;7
2720;5;8
2720;6;9
2720;7;10
2720;8;11
2720;9;12
2720;10;13
2720;11;14
2720;38;15
2720;37;16
2720;36;17
2720;39;18
2720;40;19
2731;24;1
2731;23;2
2731;22;3
2731;21;4
2731;20;5
2731;19;6
2731;4;7
2731;18;8
2731;17;9
2731;29;10
2731;28;11
2731;8;12
2744;24;1
2744;23;2
2744;22;3
2744;21;4
2744;29;5
2744;28;6
2744;8;7
2744;9;8
2744;10;9
2744;11;10
2744;12;11
2744;13;12
2744;14;13
2744;38;14
2744;37;15
2744;36;16
2751;24;1
2751;23;2
2751;22;3
2751;21;4
2751;29;5
2751;28;6
2751;8;7
2751;27;8
2751;26;9
2751;30;10
2752;24;1
2752;23;2
2752;22;3
2752;21;4
2752;29;5
2752;28;6
2752;8;7
2752;27;8
2752;26;9
2752;30;10
2752;31;11
2789;25;1
2789;26;2
2792;25;1
2792;26;2
2792;27;3
2792;8;4
2792;7;5
2806;25;1
2806;26;2
2806;27;3
2806;8;4
2806;7;5
2806;6;6
2806;5;7
2806;4;8
2806;18;9
2806;17;10
2806;19;11
2806;20;12
2806;21;13
2806;22;14
2806;23;15
2810;25;1
2810;26;2
2810;27;3
2810;8;4
2810;7;5
2810;6;6
2810;5;7
2810;4;8
2810;19;9
2810;20;10
2810;21;11
2810;29;12
2810;30;13
2817;25;1
2817;26;2
2817;27;3
2817;8;4
2817;7;5
2817;6;6
2817;5;7
2817;4;8
2817;19;9
2817;20;10
2817;21;11
2817;30;12
2817;31;13
2817;32;14
2817;33;15
2817;40;16
2817;39;17
2817;11;18
2830;25;1
2830;26;2
2830;27;3
2830;8;4
2830;7;5
2830;6;6
2830;5;7
2830;4;8
2830;19;9
2830;20;10
2830;21;11
2830;41;12
2830;9;13
2838;25;1
2838;26;2
2838;27;3
2838;8;4
2838;9;5
2838;10;6
2838;11;7
2838;12;8
2838;13;9
2838;14;10
2838;38;11
2838;37;12
2840;25;1
2840;26;2
2840;27;3
2840;8;4
2840;9;5
2840;10;6
2840;11;7
2840;12;8
2840;13;9
2840;14;10
2840;38;11
2840;37;12
2840;36;13
2840;35;14
2854;25;1
2854;26;2
2854;27;3
2854;8;4
2854;9;5
2854;10;6
2854;11;7
2854;39;8
2854;40;9
2854;21;10
2854;20;11
2854;19;12
2854;4;13
2854;5;14
2854;6;15
2854;18;16
2854;17;17
2860;25;1
2860;26;2
2860;27;3
2860;8;4
2860;9;5
2860;10;6
2860;11;7
2860;39;8
2860;40;9
2860;21;10
2860;22;11
2860;23;12
2860;29;13
2860;28;14
2884;26;1
2884;27;2
2884;8;3
2884;7;4
2884;6;5
2884;5;6
2884;4;7
2884;18;8
2884;17;9
2884;19;10
2884;20;11
2886;26;1
2886;27;2
2886;8;3
2886;7;4
2886;6;5
2886;5;6
2886;4;7
2886;18;8
2886;17;9
2886;19;10
2886;20;11
2886;21;12
2886;22;13
2888;26;1
2888;27;2
2888;8;3
2888;7;4
2888;6;5
2888;5;6
2888;4;7
2888;18;8
2888;17;9
2888;19;10
2888;20;11
2888;21;12
2888;22;13
2888;23;14
2888;24;15
2890;26;1
2890;27;2
2890;8;3
2890;7;4
2890;6;5
2890;5;6
2890;4;7
2890;19;8
2890;20;9
2890;21;10
2890;22;11
2890;23;12
2890;29;13
2890;28;14
2904;26;1
2904;27;2
2904;8;3
2904;7;4
2904;6;5
2904;5;6
2904;4;7
2904;19;8
2904;20;9
2904;21;10
2904;40;11
2904;39;12
2904;11;13
2904;10;14
2904;12;15
2904;13;16
2904;14;17
2904;15;18
2912;26;1
2912;27;2
2912;8;3
2912;7;4
2912;6;5
2912;5;6
2912;4;7
2912;19;8
2912;20;9
2912;21;10
2912;41;11
2912;9;12
2912;10;13
2914;26;1
2914;27;2
2914;8;3
2914;7;4
2914;6;5
2914;5;6
2914;4;7
2914;19;8
2914;20;9
2914;21;10
2914;41;11
2914;9;12
2914;10;13
2914;11;14
2914;12;15
2921;26;1
2921;27;2
2921;8;3
2921;9;4
2921;10;5
2921;11;6
2921;12;7
2921;13;8
2921;14;9
2921;38;10
2921;37;11
2921;36;12
2921;35;13
2922;26;1
2922;27;2
2922;8;3
2922;9;4
2922;10;5
2922;11;6
2922;38;7
2922;37;8
2922;36;9
2922;39;10
2923;26;1
2923;27;2
2923;8;3
2923;9;4
2923;10;5
2923;11;6
2923;38;7
2923;37;8
2923;36;9
2923;39;10
2923;40;11
2924;26;1
2924;27;2
2924;8;3
2924;9;4
2924;10;5
2924;11;6
2924;38;7
2924;37;8
2924;36;9
2924;39;10
2924;40;11
2924;21;12
2926;26;1
2926;27;2
2926;8;3
2926;9;4
2926;10;5
2926;11;6
2926;38;7
2926;37;8
2926;36;9
2926;39;10
2926;40;11
2926;21;12
2926;20;13
2926;19;14
2931;26;1
2931;27;2
2931;8;3
2931;9;4
2931;10;5
2931;11;6
2931;39;7
2931;40;8
2931;21;9
2931;20;10
2931;19;11
2931;4;12
2931;3;13
2931;2;14
2931;5;15
2936;26;1
2936;27;2
2936;8;3
2936;9;4
2936;10;5
2936;11;6
2936;39;7
2936;40;8
2936;21;9
2936;20;10
2936;19;11
2936;4;12
2936;5;13
2936;6;14
2936;18;15
2936;17;16
2936;16;17
2947;26;1
2947;27;2
2947;8;3
2947;9;4
2947;10;5
2947;11;6
2947;39;7
2947;40;8
2947;21;9
2947;30;10
2947;31;11
2947;32;12
2947;33;13
2947;41;14
2954;27;1
2954;8;2
2954;7;3
2954;6;4
2954;5;5
2959;27;1
2959;8;2
2959;7;3
2959;6;4
2959;5;5
2959;4;6
2959;3;7
2959;2;8
2959;18;9
2964;27;1
2964;8;2
2964;7;3
2964;6;4
2964;5;5
2964;4;6
2964;18;7
2964;17;8
2964;19;9
2964;20;10
2964;21;11
2977;27;1
2977;8;2
2977;7;3
2977;6;4
2977;5;5
2977;4;6
2977;19;7
2977;20;8
2977;21;9
2977;30;10
2977;31;11
2977;32;12
2977;33;13
2977;40;14
2977;39;15
2977;11;16
3021;27;1
3021;8;2
3021;9;3
3021;10;4
3021;11;5
3021;39;6
3021;40;7
3021;21;8
3021;29;9
3021;30;10
3024;27;1
3024;8;2
3024;9;3
3024;10;4
3024;11;5
3024;39;6
3024;40;7
3024;21;8
3024;29;9
3024;30;10
3024;31;11
3024;32;12
3024;33;13
3032;28;1
3032;8;2
3046;28;1
3046;8;2
3046;7;3
3046;6;4
3046;5;5
3046;4;6
3046;18;7
3046;17;8
3046;19;9
3046;20;10
3046;21;11
3046;22;12
3048;28;1
3048;8;2
3048;7;3
3048;6;4
3048;5;5
3048;4;6
3048;18;7
3048;17;8
3048;19;9
3048;20;10
3048;21;11
3048;22;12
3048;23;13
3048;24;14
3058;28;1
3058;8;2
3058;7;3
3058;6;4
3058;5;5
3058;4;6
3058;19;7
3058;20;8
3058;21;9
3058;30;10
3058;31;11
3058;32;12
3058;33;13
3058;40;14
3058;39;15
3058;11;16
3058;10;17
3062;28;1
3062;8;2
3062;7;3
3062;6;4
3062;5;5
3062;4;6
3062;19;7
3062;20;8
3062;21;9
3062;40;10
3062;39;11
3062;11;12
3062;10;13
3062;12;14
3062;13;15
3062;14;16
3071;28;1
3071;8;2
3071;7;3
3071;6;4
3071;5;5
3071;4;6
3071;19;7
3071;20;8
3071;21;9
3071;41;10
3071;9;11
3071;10;12
3104;28;1
3104;8;2
3104;9;3
3104;10;4
3104;11;5
3104;39;6
3104;40;7
3104;21;8
3104;30;9
3104;31;10
3104;32;11
3104;33;12
3104;34;13
3105;28;1
3105;8;2
3105;9;3
3105;10;4
3105;11;5
3105;39;6
3105;40;7
3105;21;8
3105;30;9
3105;31;10
3105;32;11
3105;33;12
3105;41;13
3115;28;1
3115;8;2
3115;27;3
3115;26;4
3115;29;5
3115;21;6
3115;20;7
3115;19;8
3115;4;9
3115;3;10
3139;28;1
3139;29;2
3139;21;3
3139;20;4
3139;19;5
3139;4;6
3139;5;7
3139;6;8
3139;7;9
3139;8;10
3139;27;11
3139;26;12
3139;18;13
3139;17;14
3141;28;1
3141;29;2
3141;21;3
3141;20;4
3141;19;5
3141;4;6
3141;18;7
3141;17;8
3141;22;9
3142;28;1
3142;29;2
3142;21;3
3142;20;4
3142;19;5
3142;4;6
3142;18;7
3142;17;8
3142;22;9
3142;23;10
3153;28;1
3153;29;2
3153;21;3
3153;30;4
3153;31;5
3153;32;6
3153;33;7
3153;40;8
3153;39;9
3153;11;10
3153;10;11
3153;9;12
3160;28;1
3160;29;2
3160;21;3
3160;30;4
3160;31;5
3160;32;6
3160;33;7
3160;40;8
3160;39;9
3160;11;10
3160;10;11
3160;9;12
3160;8;13
3160;7;14
3160;6;15
3160;5;16
3160;4;17
3160;3;18
3160;2;19
3178;28;1
3178;29;2
3178;21;3
3178;40;4
3178;39;5
3178;11;6
3178;38;7
3178;37;8
3178;36;9
3178;41;10
3179;28;1
3179;29;2
3179;21;3
3179;40;4
3179;39;5
3179;11;6
3179;38;7
3179;37;8
3179;36;9
3179;41;10
3179;42;11
3186;29;1
3186;21;2
3186;20;3
3186;19;4
3186;4;5
3186;3;6
3186;2;7
3186;1;8
3198;29;1
3198;21;2
3198;20;3
3198;19;4
3198;4;5
3198;5;6
3198;6;7
3198;7;8
3198;8;9
3198;9;10
3198;10;11
3198;11;12
3198;12;13
3198;13;14
3198;14;15
3198;38;16
3207;29;1
3207;21;2
3207;20;3
3207;19;4
3207;4;5
3207;5;6
3207;6;7
3207;7;8
3207;8;9
3207;27;10
3207;26;11
3207;28;12
3209;29;1
3209;21;2
3209;20;3
3209;19;4
3209;4;5
3209;5;6
3209;6;7
3209;7;8
3209;8;9
3209;18;10
3209;17;11
3211;29;1
3211;21;2
3211;20;3
3211;19;4
3211;4;5
3211;18;6
3211;17;7
3211;22;8
3217;29;1
3217;21;2
3217;22;3
3217;23;4
3217;30;5
3217;31;6
3217;32;7
3217;33;8
3221;29;1
3221;21;2
3221;30;3
3221;31;4
3221;32;5
3221;33;6
3221;40;7
3221;39;8
3221;11;9
3230;29;1
3230;21;2
3230;30;3
3230;31;4
3230;32;5
3230;33;6
3230;40;7
3230;39;8
3230;11;9
3230;10;10
3230;9;11
3230;8;12
3230;7;13
3230;6;14
3230;5;15
3230;4;16
3230;3;17
3230;2;18
3232;29;1
3232;21;2
3232;40;3
3232;39;4
3232;11;5
3232;10;6
3232;9;7
3232;8;8
3232;7;9
3232;6;10
3232;5;11
3232;4;12
3232;3;13
3232;2;14
3232;18;15
3239;29;1
3239;21;2
3239;40;3
3239;39;4
3239;11;5
3239;10;6
3239;9;7
3239;8;8
3239;7;9
3239;6;10
3239;5;11
3239;4;12
3239;19;13
3239;27;14
3239;26;15
3239;25;16
3248;29;1
3248;21;2
3248;40;3
3248;39;4
3248;11;5
3248;12;6
3248;13;7
3248;14;8
3248;38;9
3248;37;10
3248;36;11
3248;35;12
3280;29;1
3280;28;2
3280;8;3
3280;7;4
3280;6;5
3280;5;6
3280;4;7
3280;19;8
3280;20;9
3280;21;10
3280;40;11
3280;39;12
3280;11;13
3280;10;14
3280;12;15
3280;13;16
3318;29;1
3318;28;2
3318;8;3
3318;9;4
3318;10;5
3318;11;6
3318;39;7
3318;40;8
3318;21;9
3318;22;10
3318;23;11
3318;30;12
3321;29;1
3321;28;2
3321;8;3
3321;9;4
3321;10;5
3321;11;6
3321;39;7
3321;40;8
3321;21;9
3321;22;10
3321;23;11
3321;30;12
3321;31;13
3321;32;14
3321;33;15
3323;29;1
3323;28;2
3323;8;3
3323;9;4
3323;10;5
3323;11;6
3323;39;7
3323;40;8
3323;21;9
3323;30;10
3323;31;11
3323;32;12
3323;33;13
3323;41;14
3338;30;1
3338;21;2
3338;20;3
3338;19;4
3338;4;5
3338;3;6
3338;2;7
3338;5;8
3338;6;9
3338;7;10
3338;8;11
3344;30;1
3344;21;2
3344;20;3
3344;19;4
3344;4;5
3344;3;6
3344;2;7
3344;5;8
3344;6;9
3344;7;10
3344;8;11
3344;9;12
3344;10;13
3344;11;14
3344;12;15
3344;13;16
3344;14;17
3355;30;1
3355;21;2
3355;20;3
3355;19;4
3355;4;5
3355;5;6
3355;6;7
3355;7;8
3355;8;9
3355;27;10
3355;26;11
3355;28;12
3373;30;1
3373;21;2
3373;29;3
3373;28;4
3373;8;5
3373;7;6
3373;6;7
3373;5;8
3373;4;9
3373;3;10
3373;2;11
3373;18;12
3375;30;1
3375;21;2
3375;29;3
3375;28;4
3375;8;5
3375;7;6
3375;6;7
3375;5;8
3375;4;9
3375;3;10
3375;2;11
3375;18;12
3375;17;13
3375;16;14
3416;31;1
3416;30;2
3416;21;3
3416;20;4
3416;19;5
3422;31;1
3422;30;2
3422;21;3
3422;20;4
3422;19;5
3422;4;6
3422;3;7
3422;2;8
3422;5;9
3422;6;10
3441;31;1
3441;30;2
3441;21;3
3441;20;4
3441;19;5
3441;4;6
3441;5;7
3441;6;8
3441;7;9
3441;8;10
3441;27;11
3441;26;12
3441;28;13
3443;31;1
3443;30;2
3443;21;3
3443;20;4
3443;19;5
3443;4;6
3443;5;7
3443;6;8
3443;7;9
3443;8;10
3443;28;11
3443;18;12
3444;31;1
3444;30;2
3444;21;3
3444;20;4
3444;19;5
3444;4;6
3444;5;7
3444;6;8
3444;7;9
3444;8;10
3444;28;11
3444;18;12
3444;17;13
3446;31;1
3446;30;2
3446;21;3
3446;20;4
3446;19;5
3446;4;6
3446;18;7
3446;17;8
3446;22;9
3457;31;1
3457;30;2
3457;21;3
3457;22;4
3457;23;5
3457;29;6
3457;28;7
3457;8;8
3457;7;9
3457;6;10
3457;5;11
3457;4;12
3457;3;13
3457;2;14
3458;31;1
3458;30;2
3458;21;3
3458;22;4
3458;23;5
3458;29;6
3458;28;7
3458;8;8
3458;7;9
3458;6;10
3458;5;11
3458;4;12
3458;3;13
3458;2;14
3458;1;15
3461;31;1
3461;30;2
3461;21;3
3461;29;4
3461;28;5
3461;8;6
3461;7;7
3461;6;8
3461;5;9
3461;4;10
3461;3;11
3461;2;12
3461;18;13
3461;17;14
3461;16;15
3467;31;1
3467;30;2
3467;21;3
3467;29;4
3467;28;5
3467;8;6
3467;7;7
3467;6;8
3467;5;9
3467;4;10
3467;19;11
3467;9;12
3467;10;13
3467;11;14
3467;12;15
3473;31;1
3473;30;2
3473;21;3
3473;29;4
3473;28;5
3473;8;6
3473;9;7
3473;10;8
3473;11;9
3473;12;10
3473;13;11
3473;14;12
3473;38;13
3473;37;14
3473;36;15
3478;31;1
3478;30;2
3478;21;3
3478;29;4
3478;28;5
3478;8;6
3478;9;7
3478;10;8
3478;11;9
3478;39;10
3478;27;11
3478;26;12
3503;32;1
3503;31;2
3503;30;3
3503;21;4
3503;20;5
3503;19;6
3503;4;7
3511;32;1
3511;31;2
3511;30;3
3511;21;4
3511;20;5
3511;19;6
3511;4;7
3511;3;8
3511;2;9
3511;5;10
3511;6;11
3511;7;12
3511;8;13
3511;9;14
3513;32;1
3513;31;2
3513;30;3
3513;21;4
3513;20;5
3513;19;6
3513;4;7
3513;3;8
3513;2;9
3513;5;10
3513;6;11
3513;7;12
3513;8;13
3513;9;14
3513;10;15
3513;11;16
3526;32;1
3526;31;2
3526;30;3
3526;21;4
3526;20;5
3526;19;6
3526;4;7
3526;5;8
3526;6;9
3526;7;10
3526;8;11
3526;9;12
3526;10;13
3526;11;14
3526;39;15
3526;27;16
3526;26;17
3526;25;18
3529;32;1
3529;31;2
3529;30;3
3529;21;4
3529;20;5
3529;19;6
3529;4;7
3529;5;8
3529;6;9
3529;7;10
3529;8;11
3529;28;12
3529;18;13
3538;32;1
3538;31;2
3538;30;3
3538;21;4
3538;22;5
3538;23;6
3538;29;7
3538;28;8
3538;8;9
3538;7;10
3563;32;1
3563;31;2
3563;30;3
3563;21;4
3563;29;5
3563;28;6
3563;8;7
3563;9;8
3563;10;9
3563;11;10
3563;39;11
3563;27;12
3565;32;1
3565;31;2
3565;30;3
3565;21;4
3565;29;5
3565;28;6
3565;8;7
3565;9;8
3565;10;9
3565;11;10
3565;39;11
3565;27;12
3565;26;13
3565;25;14
3572;32;1
3572;31;2
3572;30;3
3572;21;4
3572;40;5
3572;39;6
3572;11;7
3572;10;8
3572;12;9
3572;13;10
3577;32;1
3577;31;2
3577;30;3
3577;21;4
3577;40;5
3577;39;6
3577;11;7
3577;12;8
3577;13;9
3577;14;10
3577;38;11
3577;37;12
3577;36;13
3581;32;1
3581;31;2
3581;30;3
3581;21;4
3581;41;5
3581;33;6
3590;33;1
3590;32;2
3590;31;3
3590;30;4
3590;21;5
3590;20;6
3590;19;7
3590;4;8
3590;3;9
3610;33;1
3610;32;2
3610;31;3
3610;30;4
3610;21;5
3610;20;6
3610;19;7
3610;4;8
3610;5;9
3610;6;10
3610;7;11
3610;8;12
3610;9;13
3610;10;14
3610;11;15
3610;39;16
3610;27;17
3611;33;1
3611;32;2
3611;31;3
3611;30;4
3611;21;5
3611;20;6
3611;19;7
3611;4;8
3611;5;9
3611;6;10
3611;7;11
3611;8;12
3611;9;13
3611;10;14
3611;11;15
3611;39;16
3611;27;17
3611;26;18
3612;33;1
3612;32;2
3612;31;3
3612;30;4
3612;21;5
3612;20;6
3612;19;7
3612;4;8
3612;5;9
3612;6;10
3612;7;11
3612;8;12
3612;9;13
3612;10;14
3612;11;15
3612;39;16
3612;27;17
3612;26;18
3612;25;19
3664;33;1
3664;32;2
3664;31;3
3664;30;4
3664;21;5
3664;40;6
3664;39;7
3664;11;8
3664;12;9
3664;13;10
3664;14;11
3664;38;12
3664;37;13
3664;36;14
3664;35;15
3690;34;1
3690;33;2
3690;32;3
3690;31;4
3690;30;5
3690;21;6
3690;20;7
3690;19;8
3690;4;9
3690;5;10
3690;6;11
3690;7;12
3690;8;13
3690;9;14
3690;10;15
3690;11;16
3690;12;17
3690;13;18
3690;14;19
3690;38;20
3698;34;1
3698;33;2
3698;32;3
3698;31;4
3698;30;5
3698;21;6
3698;20;7
3698;19;8
3698;4;9
3698;5;10
3698;6;11
3698;7;12
3698;8;13
3698;9;14
3698;10;15
3698;11;16
3698;39;17
3698;27;18
3698;26;19
3698;25;20
3724;34;1
3724;33;2
3724;32;3
3724;31;4
3724;30;5
3724;21;6
3724;29;7
3724;28;8
3724;8;9
3724;7;10
3724;6;11
3724;5;12
3724;4;13
3724;19;14
3724;9;15
3724;10;16
3724;11;17
3726;34;1
3726;33;2
3726;32;3
3726;31;4
3726;30;5
3726;21;6
3726;29;7
3726;28;8
3726;8;9
3726;7;10
3726;6;11
3726;5;12
3726;4;13
3726;19;14
3726;9;15
3726;10;16
3726;11;17
3726;12;18
3726;13;19
3728;34;1
3728;33;2
3728;32;3
3728;31;4
3728;30;5
3728;21;6
3728;29;7
3728;28;8
3728;8;9
3728;7;10
3728;6;11
3728;5;12
3728;4;13
3728;19;14
3728;9;15
3728;10;16
3728;11;17
3728;12;18
3728;13;19
3728;14;20
3728;15;21
3730;34;1
3730;33;2
3730;32;3
3730;31;4
3730;30;5
3730;21;6
3730;29;7
3730;28;8
3730;8;9
3730;9;10
3730;10;11
3730;11;12
3730;12;13
3730;13;14
3730;14;15
3730;38;16
3730;37;17
3739;34;1
3739;33;2
3739;32;3
3739;31;4
3739;30;5
3739;21;6
3739;29;7
3739;28;8
3739;8;9
3739;27;10
3739;26;11
3739;40;12
3739;39;13
3743;34;1
3743;33;2
3743;32;3
3743;31;4
3743;30;5
3743;21;6
3743;40;7
3743;39;8
3743;11;9
3743;10;10
3743;12;11
3747;34;1
3747;33;2
3747;32;3
3747;31;4
3747;30;5
3747;21;6
3747;40;7
3747;39;8
3747;11;9
3747;12;10
3747;13;11
3747;14;12
3747;38;13
3753;35;1
3753;36;2
3759;35;1
3759;36;2
3759;37;3
3759;38;4
3759;11;5
3759;10;6
3759;9;7
3759;8;8
3777;35;1
3777;36;2
3777;37;3
3777;38;4
3777;11;5
3777;10;6
3777;9;7
3777;8;8
3777;7;9
3777;6;10
3777;5;11
3777;4;12
3777;19;13
3777;20;14
3777;21;15
3777;22;16
3777;23;17
3777;29;18
3777;28;19
3788;35;1
3788;36;2
3788;37;3
3788;38;4
3788;11;5
3788;10;6
3788;9;7
3788;8;8
3788;7;9
3788;6;10
3788;5;11
3788;4;12
3788;19;13
3788;20;14
3788;21;15
3788;41;16
3788;27;17
3788;26;18
3793;35;1
3793;36;2
3793;37;3
3793;38;4
3793;11;5
3793;10;6
3793;9;7
3793;8;8
3793;27;9
3793;26;10
3793;28;11
3793;29;12
3793;21;13
3793;20;14
3813;35;1
3813;36;2
3813;37;3
3813;38;4
3813;11;5
3813;10;6
3813;9;7
3813;8;8
3813;28;9
3813;29;10
3813;21;11
3813;30;12
3813;31;13
3813;32;14
3813;33;15
3813;40;16
3815;35;1
3815;36;2
3815;37;3
3815;38;4
3815;11;5
3815;10;6
3815;9;7
3815;8;8
3815;28;9
3815;29;10
3815;21;11
3815;40;12
3815;41;13
3821;35;1
3821;36;2
3821;37;3
3821;38;4
3821;11;5
3821;12;6
3821;13;7
3821;14;8
3821;39;9
3822;35;1
3822;36;2
3822;37;3
3822;38;4
3822;11;5
3822;12;6
3822;13;7
3822;14;8
3822;39;9
3822;40;10
3843;35;1
3843;36;2
3843;37;3
3843;38;4
3843;11;5
3843;39;6
3843;40;7
3843;21;8
3843;20;9
3843;19;10
3843;4;11
3843;5;12
3843;6;13
3843;7;14
3843;8;15
3843;28;16
3843;18;17
3843;17;18
3843;16;19
3844;35;1
3844;36;2
3844;37;3
3844;38;4
3844;11;5
3844;39;6
3844;40;7
3844;21;8
3844;20;9
3844;19;10
3844;4;11
3844;18;12
3844;17;13
3844;22;14
3854;35;1
3854;36;2
3854;37;3
3854;38;4
3854;11;5
3854;39;6
3854;40;7
3854;21;8
3854;22;9
3854;23;10
3854;29;11
3854;28;12
3854;8;13
3854;7;14
3854;6;15
3854;5;16
3854;4;17
3854;3;18
3870;35;1
3870;36;2
3870;37;3
3870;38;4
3870;11;5
3870;39;6
3870;40;7
3870;21;8
3870;29;9
3870;28;10
3870;8;11
3870;27;12
3870;26;13
3870;30;14
3870;31;15
3870;32;16
3870;33;17
3877;36;1
3877;37;2
3877;38;3
3877;11;4
3878;36;1
3878;37;2
3878;38;3
3878;11;4
3878;10;5
3917;36;1
3917;37;2
3917;38;3
3917;11;4
3917;10;5
3917;9;6
3917;8;7
3917;27;8
3917;26;9
3917;28;10
3917;29;11
3917;21;12
3917;20;13
3917;19;14
3917;4;15
3917;3;16
3925;36;1
3925;37;2
3925;38;3
3925;11;4
3925;10;5
3925;9;6
3925;8;7
3925;28;8
3925;29;9
3925;21;10
3925;20;11
3925;19;12
3925;4;13
3925;5;14
3925;6;15
3925;18;16
3925;17;17
3925;16;18
3928;36;1
3928;37;2
3928;38;3
3928;11;4
3928;10;5
3928;9;6
3928;8;7
3928;28;8
3928;29;9
3928;21;10
3928;20;11
3928;19;12
3928;4;13
3928;18;14
3928;17;15
3928;22;16
3928;23;17
3928;24;18
3957;36;1
3957;37;2
3957;38;3
3957;11;4
3957;39;5
3957;40;6
3957;21;7
3957;20;8
3957;19;9
3957;4;10
3957;5;11
3957;6;12
3957;7;13
3957;8;14
3957;9;15
3957;27;16
3962;36;1
3962;37;2
3962;38;3
3962;11;4
3962;39;5
3962;40;6
3962;21;7
3962;20;8
3962;19;9
3962;4;10
3962;5;11
3962;6;12
3962;7;13
3962;8;14
3962;28;15
3962;18;16
3991;36;1
3991;37;2
3991;38;3
3991;11;4
3991;39;5
3991;40;6
3991;21;7
3991;29;8
3991;28;9
3991;8;10
3991;27;11
3991;26;12
3991;30;13
3991;31;14
3991;32;15
3991;33;16
3997;37;1
3997;36;2
3997;38;3
3998;37;1
3998;36;2
3998;38;3
3998;11;4
4001;37;1
4001;36;2
4001;38;3
4001;11;4
4001;10;5
4001;9;6
4001;8;7
4002;37;1
4002;36;2
4002;38;3
4002;11;4
4002;10;5
4002;9;6
4002;8;7
4002;7;8
4003;37;1
4003;36;2
4003;38;3
4003;11;4
4003;10;5
4003;9;6
4003;8;7
4003;7;8
4003;6;9
4011;37;1
4011;38;2
4011;11;3
4011;10;4
4011;9;5
4011;8;6
4011;7;7
4011;6;8
4011;5;9
4011;4;10
4011;3;11
4011;2;12
4011;18;13
4011;17;14
4011;16;15
4015;37;1
4015;38;2
4015;11;3
4015;10;4
4015;9;5
4015;8;6
4015;7;7
4015;6;8
4015;5;9
4015;4;10
4015;18;11
4015;17;12
4015;19;13
4015;20;14
4015;21;15
4015;22;16
4021;37;1
4021;38;2
4021;11;3
4021;10;4
4021;9;5
4021;8;6
4021;7;7
4021;6;8
4021;5;9
4021;4;10
4021;19;11
4021;20;12
4021;21;13
4021;29;14
4021;30;15
4021;31;16
4025;37;1
4025;38;2
4025;11;3
4025;10;4
4025;9;5
4025;8;6
4025;7;7
4025;6;8
4025;5;9
4025;4;10
4025;19;11
4025;20;12
4025;21;13
4025;30;14
4025;31;15
4025;32;16
4025;33;17
4025;40;18
4034;37;1
4034;38;2
4034;11;3
4034;10;4
4034;9;5
4034;8;6
4034;27;7
4034;26;8
4034;28;9
4034;29;10
4034;21;11
4046;37;1
4046;38;2
4046;11;3
4046;10;4
4046;9;5
4046;8;6
4046;28;7
4046;29;8
4046;21;9
4046;20;10
4046;19;11
4046;4;12
4046;5;13
4046;6;14
4046;18;15
4046;17;16
4046;16;17
4053;37;1
4053;38;2
4053;11;3
4053;10;4
4053;9;5
4053;8;6
4053;28;7
4053;29;8
4053;21;9
4053;22;10
4053;23;11
4053;30;12
4053;31;13
4053;32;14
4053;33;15
4054;37;1
4054;38;2
4054;11;3
4054;10;4
4054;9;5
4054;8;6
4054;28;7
4054;29;8
4054;21;9
4054;22;10
4054;23;11
4054;30;12
4054;31;13
4054;32;14
4054;33;15
4054;34;16
4069;37;1
4069;38;2
4069;11;3
4069;12;4
4069;13;5
4069;14;6
4069;39;7
4069;40;8
4069;21;9
4069;20;10
4069;19;11
4069;4;12
4069;3;13
4083;37;1
4083;38;2
4083;11;3
4083;39;4
4083;40;5
4083;21;6
4083;20;7
4083;19;8
4083;4;9
4083;5;10
4083;6;11
4083;7;12
4083;8;13
4083;28;14
4083;18;15
4093;37;1
4093;38;2
4093;11;3
4093;39;4
4093;40;5
4093;21;6
4093;22;7
4093;23;8
4093;29;9
4093;28;10
4093;8;11
4093;7;12
4093;6;13
4095;37;1
4095;38;2
4095;11;3
4095;39;4
4095;40;5
4095;21;6
4095;22;7
4095;23;8
4095;29;9
4095;28;10
4095;8;11
4095;7;12
4095;6;13
4095;5;14
4095;4;15
4119;38;1
4119;11;2
4119;10;3
4119;9;4
4119;8;5
4135;38;1
4135;11;2
4135;10;3
4135;9;4
4135;8;5
4135;7;6
4135;6;7
4135;5;8
4135;4;9
4135;18;10
4135;17;11
4135;19;12
4135;20;13
4135;21;14
4135;22;15
4135;23;16
4135;24;17
4139;38;1
4139;11;2
4139;10;3
4139;9;4
4139;8;5
4139;7;6
4139;6;7
4139;5;8
4139;4;9
4139;19;10
4139;20;11
4139;21;12
4139;29;13
4139;30;14
4139;31;15
4155;38;1
4155;11;2
4155;10;3
4155;9;4
4155;8;5
4155;27;6
4155;26;7
4155;28;8
4155;29;9
4155;21;10
4155;20;11
4155;19;12
4155;4;13
4168;38;1
4168;11;2
4168;10;3
4168;9;4
4168;8;5
4168;28;6
4168;29;7
4168;21;8
4168;22;9
4168;23;10
4168;30;11
4173;38;1
4173;11;2
4173;10;3
4173;9;4
4173;8;5
4173;28;6
4173;29;7
4173;21;8
4173;30;9
4173;31;10
4173;32;11
4173;33;12
4173;40;13
4177;38;1
4177;11;2
4177;10;3
4177;9;4
4177;8;5
4177;28;6
4177;29;7
4177;21;8
4177;41;9
4177;12;10
4183;38;1
4183;11;2
4183;12;3
4183;13;4
4183;14;5
4183;39;6
4183;40;7
4183;21;8
4192;38;1
4192;11;2
4192;39;3
4192;40;4
4192;21;5
4192;20;6
4192;19;7
4192;4;8
4192;3;9
4192;2;10
4192;5;11
4192;6;12
4192;7;13
4193;38;1
4193;11;2
4193;39;3
4193;40;4
4193;21;5
4193;20;6
4193;19;7
4193;4;8
4193;3;9
4193;2;10
4193;5;11
4193;6;12
4193;7;13
4193;8;14
4209;38;1
4209;11;2
4209;39;3
4209;40;4
4209;21;5
4209;22;6
4209;23;7
4209;29;8
4209;28;9
4209;8;10
4220;38;1
4220;11;2
4220;39;3
4220;40;4
4220;21;5
4220;29;6
4220;28;7
4220;8;8
4220;7;9
4220;6;10
4220;5;11
4220;4;12
4220;18;13
4220;17;14
4220;19;15
4226;38;1
4226;11;2
4226;39;3
4226;40;4
4226;21;5
4226;29;6
4226;28;7
4226;8;8
4226;9;9
4226;27;10
4226;26;11
4226;25;12
4231;38;1
4231;11;2
4231;39;3
4231;40;4
4231;21;5
4231;29;6
4231;28;7
4231;8;8
4231;27;9
4231;26;10
4231;30;11
4231;31;12
4231;32;13
4231;33;14
4231;34;15
4234;38;1
4234;11;2
4234;39;3
4234;40;4
4234;21;5
4234;41;6
4234;37;7
4238;39;1
4238;11;2
4238;10;3
4244;39;1
4244;11;2
4244;10;3
4244;9;4
4244;8;5
4244;7;6
4244;6;7
4244;5;8
4244;4;9
4269;39;1
4269;11;2
4269;10;3
4269;9;4
4269;8;5
4269;7;6
4269;6;7
4269;5;8
4269;4;9
4269;19;10
4269;20;11
4269;21;12
4269;41;13
4269;27;14
4269;26;15
4269;25;16
4272;39;1
4272;11;2
4272;10;3
4272;9;4
4272;8;5
4272;27;6
4272;26;7
4272;28;8
4272;29;9
4272;21;10
4273;39;1
4273;11;2
4273;10;3
4273;9;4
4273;8;5
4273;27;6
4273;26;7
4273;28;8
4273;29;9
4273;21;10
4273;20;11
4279;39;1
4279;11;2
4279;10;3
4279;9;4
4279;8;5
4279;28;6
4279;29;7
4279;21;8
4279;20;9
4279;19;10
4279;4;11
4279;3;12
4279;2;13
4279;5;14
4287;39;1
4287;11;2
4287;10;3
4287;9;4
4287;8;5
4287;28;6
4287;29;7
4287;21;8
4287;20;9
4287;19;10
4287;4;11
4287;18;12
4287;17;13
4287;22;14
4287;23;15
4287;24;16
4306;39;1
4306;11;2
4306;38;3
4306;37;4
4306;36;5
4306;40;6
4306;21;7
4306;20;8
4314;39;1
4314;40;2
4314;21;3
4314;20;4
4314;19;5
4314;4;6
4314;3;7
4314;2;8
4314;5;9
4314;6;10
4314;7;11
4317;39;1
4317;40;2
4317;21;3
4317;20;4
4317;19;5
4317;4;6
4317;3;7
4317;2;8
4317;5;9
4317;6;10
4317;7;11
4317;8;12
4317;9;13
4317;10;14
4334;39;1
4334;40;2
4334;21;3
4334;20;4
4334;19;5
4334;4;6
4334;5;7
4334;6;8
4334;7;9
4334;8;10
4334;28;11
4334;18;12
4334;17;13
4334;16;14
4340;39;1
4340;40;2
4340;21;3
4340;22;4
4340;23;5
4340;29;6
4340;28;7
4340;8;8
4343;39;1
4343;40;2
4343;21;3
4343;22;4
4343;23;5
4343;29;6
4343;28;7
4343;8;8
4343;7;9
4343;6;10
4343;5;11
4351;39;1
4351;40;2
4351;21;3
4351;29;4
4351;28;5
4351;8;6
4351;7;7
4351;6;8
4351;5;9
4351;4;10
4351;18;11
4351;17;12
4351;19;13
4358;39;1
4358;40;2
4358;21;3
4358;29;4
4358;28;5
4358;8;6
4358;7;7
4358;6;8
4358;5;9
4358;4;10
4358;19;11
4358;9;12
4358;10;13
4358;11;14
4358;12;15
4358;13;16
4358;14;17
4363;39;1
4363;40;2
4363;21;3
4363;29;4
4363;28;5
4363;8;6
4363;9;7
4363;10;8
4363;11;9
4363;12;10
4363;13;11
4363;14;12
4363;38;13
4363;37;14
4363;36;15
4363;35;16
4368;39;1
4368;40;2
4368;21;3
4368;29;4
4368;28;5
4368;8;6
4368;27;7
4368;26;8
4368;30;9
4368;31;10
4375;40;1
4375;21;2
4375;20;3
4380;40;1
4380;21;2
4380;20;3
4380;19;4
4380;4;5
4380;3;6
4380;2;7
4380;1;8
4381;40;1
4381;21;2
4381;20;3
4381;19;4
4381;4;5
4381;3;6
4381;2;7
4381;5;8
4416;40;1
4416;21;2
4416;22;3
4416;23;4
4416;29;5
4416;28;6
4416;8;7
4416;7;8
4416;6;9
4416;5;10
4416;4;11
4416;3;12
4416;2;13
4417;40;1
4417;21;2
4417;22;3
4417;23;4
4417;29;5
4417;28;6
4417;8;7
4417;7;8
4417;6;9
4417;5;10
4417;4;11
4417;3;12
4417;2;13
4417;1;14
4419;40;1
4419;21;2
4419;29;3
4419;28;4
4419;8;5
4419;7;6
4419;6;7
4419;5;8
4419;4;9
4419;3;10
4419;2;11
4419;18;12
4419;17;13
4428;40;1
4428;21;2
4428;29;3
4428;28;4
4428;8;5
4428;7;6
4428;6;7
4428;5;8
4428;4;9
4428;19;10
4428;9;11
4428;10;12
4428;11;13
4428;12;14
4428;13;15
4428;14;16
4431;40;1
4431;21;2
4431;29;3
4431;28;4
4431;8;5
4431;9;6
4431;10;7
4431;11;8
4431;12;9
4431;13;10
4431;14;11
4431;38;12
4431;37;13
4439;40;1
4439;21;2
4439;29;3
4439;28;4
4439;8;5
4439;27;6
4439;26;7
4439;30;8
4439;31;9
4443;40;1
4443;21;2
4443;30;3
4443;31;4
4443;32;5
4443;33;6
4443;41;7
4457;40;1
4457;39;2
4457;11;3
4457;10;4
4457;9;5
4457;8;6
4457;7;7
4457;6;8
4457;5;9
4457;4;10
4457;3;11
4457;2;12
4457;18;13
4470;40;1
4470;39;2
4470;11;3
4470;10;4
4470;9;5
4470;8;6
4470;7;7
4470;6;8
4470;5;9
4470;4;10
4470;19;11
4470;20;12
4470;21;13
4470;29;14
4470;30;15
4470;31;16
4470;32;17
4473;40;1
4473;39;2
4473;11;3
4473;10;4
4473;9;5
4473;8;6
4473;7;7
4473;6;8
4473;5;9
4473;4;10
4473;19;11
4473;20;12
4473;21;13
4473;30;14
4473;31;15
4473;32;16
4473;33;17
4473;41;18
4476;40;1
4476;39;2
4476;11;3
4476;10;4
4476;9;5
4476;8;6
4476;7;7
4476;6;8
4476;5;9
4476;4;10
4476;19;11
4476;20;12
4476;21;13
4476;41;14
4476;27;15
4476;26;16
4486;40;1
4486;39;2
4486;11;3
4486;10;4
4486;9;5
4486;8;6
4486;27;7
4486;26;8
4486;28;9
4486;29;10
4486;21;11
4486;20;12
4486;19;13
4486;4;14
4486;3;15
4486;2;16
4486;1;17
4524;41;1
4524;21;2
4524;20;3
4524;19;4
4524;4;5
4524;3;6
4524;2;7
4524;5;8
4524;6;9
4524;7;10
4524;8;11
4524;9;12
4524;10;13
4524;11;14
4540;41;1
4540;21;2
4540;20;3
4540;19;4
4540;4;5
4540;5;6
4540;6;7
4540;7;8
4540;8;9
4540;28;10
4540;18;11
4541;41;1
4541;21;2
4541;20;3
4541;19;4
4541;4;5
4541;5;6
4541;6;7
4541;7;8
4541;8;9
4541;28;10
4541;18;11
4541;17;12
4552;41;1
4552;21;2
4552;22;3
4552;23;4
4552;29;5
4552;28;6
4552;8;7
4552;7;8
4552;6;9
4552;5;10
4552;4;11
4553;41;1
4553;21;2
4553;22;3
4553;23;4
4553;29;5
4553;28;6
4553;8;7
4553;7;8
4553;6;9
4553;5;10
4553;4;11
4553;3;12
4557;41;1
4557;21;2
4557;29;3
4557;28;4
4557;8;5
4557;7;6
4557;6;7
4557;5;8
4557;4;9
4557;3;10
4557;2;11
4557;18;12
4557;17;13
4560;41;1
4560;21;2
4560;29;3
4560;28;4
4560;8;5
4560;7;6
4560;6;7
4560;5;8
4560;4;9
4560;18;10
4560;17;11
4560;19;12
4560;20;13
4561;41;1
4561;21;2
4561;29;3
4561;28;4
4561;8;5
4561;7;6
4561;6;7
4561;5;8
4561;4;9
4561;19;10
4561;9;11
4575;41;1
4575;21;2
4575;29;3
4575;28;4
4575;8;5
4575;9;6
4575;10;7
4575;11;8
4575;39;9
4575;27;10
4575;26;11
4581;41;1
4581;21;2
4581;29;3
4581;28;4
4581;8;5
4581;27;6
4581;26;7
4581;30;8
4581;31;9
4581;32;10
4581;33;11
4581;34;12
4584;41;1
4584;21;2
4584;30;3
4584;31;4
4584;32;5
4584;33;6
4584;40;7
4584;39;8
4584;11;9
4604;41;1
4604;21;2
4604;40;3
4604;39;4
4604;11;5
4604;10;6
4604;9;7
4604;8;8
4604;27;9
4604;26;10
4604;28;11
4604;29;12
4608;41;1
4608;21;2
4608;40;3
4608;39;4
4608;11;5
4608;10;6
4608;9;7
4608;8;8
4608;28;9
4608;12;10
4608;13;11
4608;14;12
4608;15;13
4610;41;1
4610;21;2
4610;40;3
4610;39;4
4610;11;5
4610;12;6
4610;13;7
4610;14;8
4610;38;9
4610;37;10
4612;41;1
4612;21;2
4612;40;3
4612;39;4
4612;11;5
4612;12;6
4612;13;7
4612;14;8
4612;38;9
4612;37;10
4612;36;11
4612;35;12
4618;42;1
4618;41;2
4618;21;3
4618;20;4
4618;19;5
4618;4;6
4620;42;1
4620;41;2
4620;21;3
4620;20;4
4620;19;5
4620;4;6
4620;3;7
4620;2;8
4647;42;1
4647;41;2
4647;21;3
4647;20;4
4647;19;5
4647;4;6
4647;18;7
4647;17;8
4647;22;9
4650;42;1
4650;41;2
4650;21;3
4650;22;4
4650;23;5
4650;29;6
4667;42;1
4667;41;2
4667;21;3
4667;29;4
4667;28;5
4667;8;6
4667;7;7
4667;6;8
4667;5;9
4667;4;10
4667;19;11
4667;9;12
4667;10;13
4667;11;14
4673;42;1
4673;41;2
4673;21;3
4673;29;4
4673;28;5
4673;8;6
4673;9;7
4673;10;8
4673;11;9
4673;12;10
4673;13;11
4673;14;12
4673;38;13
4673;37;14
4674;42;1
4674;41;2
4674;21;3
4674;29;4
4674;28;5
4674;8;6
4674;9;7
4674;10;8
4674;11;9
4674;12;10
4674;13;11
4674;14;12
4674;38;13
4674;37;14
4674;36;15
4688;42;1
4688;41;2
4688;21;3
4688;30;4
4688;31;5
4688;32;6
4688;33;7
4688;40;8
4688;39;9
4688;11;10
4704;42;1
4704;41;2
4704;21;3
4704;40;4
4704;39;5
4704;11;6
4704;10;7
4704;9;8
4704;8;9
4704;7;10
4704;6;11
4704;5;12
4704;4;13
4704;19;14
4704;27;15
4712;42;1
4712;41;2
4712;21;3
4712;40;4
4712;39;5
4712;11;6
4712;10;7
4712;9;8
4712;8;9
4712;28;10
4712;12;11
4712;13;12
4712;14;13
4712;15;14
4714;42;1
4714;41;2
4714;21;3
4714;40;4
4714;39;5
4714;11;6
4714;12;7
4714;13;8
4714;14;9
4714;38;10
4714;37;11
4727;44;1
4727;45;2
4727;46;3
4727;47;4
4766;50;1
4766;49;2
4767;1;1
4767;2;2
4767;3;3
4767;4;4
4767;5;5
4767;6;6
4767;7;7
4767;8;8
4767;9;9
4767;10;10
4767;11;11
4767;39;12
4767;40;13
4767;21;14
4767;41;15
4767;27;16
4768;1;1
4768;2;2
4768;3;3
4768;4;4
4768;5;5
4768;6;6
4768;7;7
4768;8;8
4768;27;9
4768;26;10
4768;28;11
4768;29;12
4768;21;13
4768;20;14
4769;1;1
4769;2;2
4769;3;3
4769;4;4
4769;5;5
4769;6;6
4769;7;7
4769;8;8
4769;28;9
4769;29;10
4769;21;11
4769;22;12
4769;23;13
4769;30;14
4769;31;15
4769;32;16
4769;33;17
4770;1;1
4770;2;2
4770;3;3
4770;4;4
4770;19;5
4770;20;6
4770;21;7
4770;29;8
4770;28;9
4770;8;10
4770;7;11
4770;6;12
4770;9;13
4770;10;14
4770;11;15
4770;12;16
4771;1;1
4771;2;2
4771;3;3
4771;4;4
4771;19;5
4771;20;6
4771;21;7
4771;29;8
4771;28;9
4771;8;10
4771;9;11
4771;10;12
4771;11;13
4771;12;14
4771;13;15
4771;14;16
4771;38;17
4771;37;18
4771;36;19
4772;1;1
4772;2;2
4772;3;3
4772;4;4
4772;19;5
4772;20;6
4772;21;7
4772;29;8
4772;28;9
4772;8;10
4772;9;11
4772;10;12
4772;11;13
4772;12;14
4772;13;15
4772;14;16
4772;38;17
4772;37;18
4772;36;19
4772;35;20
4773;1;1
4773;2;2
4773;3;3
4773;4;4
4773;19;5
4773;20;6
4773;21;7
4773;30;8
4773;31;9
4773;32;10
4773;33;11
4773;40;12
4773;39;13
4773;11;14
4774;1;1
4774;2;2
4774;3;3
4774;4;4
4774;19;5
4774;20;6
4774;21;7
4774;40;8
4774;39;9
4774;11;10
4774;10;11
4774;9;12
4774;8;13
4774;7;14
4774;6;15
4774;27;16
4774;26;17
4774;25;18
4775;1;1
4775;2;2
4775;3;3
4775;4;4
4775;19;5
4775;20;6
4775;21;7
4775;40;8
4775;39;9
4775;11;10
4775;12;11
4775;13;12
4775;14;13
4775;38;14
4775;37;15
4775;36;16
4775;35;17
4776;2;1
4776;3;2
4776;4;3
4776;5;4
4776;6;5
4776;7;6
